2020-01-01	47	37	42.0	12.3	23	0	0.20	0.0	0
2020-01-02	44	32	38.0	8.2	27	0	0.00	0.0	0
2020-01-03	50	33	41.5	11.6	23	0	0.00	0.0	0
2020-01-04	47	30	38.5	8.6	26	0	T	0.0	0
2020-01-05	39	29	34.0	4.0	31	0	0.04	0.7	0
2020-01-06	40	28	34.0	3.9	31	0	0.02	T	0
2020-01-07	53	34	43.5	13.3	21	0	0.00	0.0	0
2020-01-08	47	32	39.5	9.2	25	0	0.06	0.1	0
2020-01-09	38	29	33.5	3.1	31	0	0.13	1.0	1
2020-01-10	38	23	30.5	0.0	34	0	T	T	T
2020-01-11	39	32	35.5	4.9	29	0	0.15	0.7	T
2020-01-12	39	31	35.0	4.3	30	0	0.19	2.5	T
2020-01-13	36	30	33.0	2.2	32	0	0.10	1.8	2
2020-01-14	39	20	29.5	-1.4	35	0	0.06	2.1	3
2020-01-15	37	16	26.5	-4.5	38	0	0.00	0.0	4
2020-01-16	48	31	39.5	8.4	25	0	T	T	3
2020-01-17	40	31	35.5	4.2	29	0	0.00	0.0	1
2020-01-18	42	30	36.0	4.6	29	0	0.00	0.0	T
2020-01-19	41	25	33.0	1.5	32	0	0.00	0.0	T
2020-01-20	40	28	34.0	2.4	31	0	0.00	0.0	T
2020-01-21	48	33	40.5	8.7	24	0	0.02	0.0	T
2020-01-22	47	28	37.5	5.6	27	0	T	0.0	0
2020-01-23	53	38	45.5	13.5	19	0	T	0.0	0
2020-01-24	49	38	43.5	11.3	21	0	0.17	0.0	0
2020-01-25	44	33	38.5	6.2	26	0	0.02	0.0	0
2020-01-26	46	38	42.0	9.6	23	0	0.74	0.0	0
2020-01-27	49	33	41.0	8.4	24	0	T	0.0	0
2020-01-28	47	35	41.0	8.3	24	0	0.19	0.0	0
2020-01-29	46	31	38.5	5.6	26	0	0.07	0.0	0
2020-01-30	44	33	38.5	5.4	26	0	0.13	0.0	0
2020-01-31	50	36	43.0	9.8	22	0	T	0.0	0
2020-02-01	52	34	43.0	9.6	22	0	0.00	0.0	0
2020-02-02	39	27	33.0	-0.6	32	0	0.02	T	0
2020-02-03	38	25	31.5	-2.3	33	0	0.00	0.0	0
2020-02-04	36	17	26.5	-7.4	38	0	0.00	0.0	0
2020-02-05	35	28	31.5	-2.6	33	0	0.37	2.6	T
2020-02-06	46	32	39.0	4.7	26	0	0.22	0.0	1
2020-02-07	56	42	49.0	14.4	16	0	T	0.0	0
2020-02-08	47	32	39.5	4.7	25	0	0.01	0.0	0
2020-02-09	46	26	36.0	1.0	29	0	0.00	0.0	0
2020-02-10	47	25	36.0	0.8	29	0	0.00	0.0	0
2020-02-11	49	26	37.5	2.1	27	0	0.00	0.0	0
2020-02-12	49	28	38.5	2.8	26	0	0.00	0.0	0
2020-02-13	53	28	40.5	4.6	24	0	0.00	0.0	0
2020-02-14	48	29	38.5	2.3	26	0	0.00	0.0	0
2020-02-15	45	30	37.5	1.1	27	0	T	0.0	0
2020-02-16	45	30	37.5	0.8	27	0	0.53	T	0
2020-02-17	41	25	33.0	-4.0	32	0	T	T	0
2020-02-18	41	23	32.0	-5.3	33	0	0.00	0.0	0
2020-02-19	40	21	30.5	-7.0	34	0	0.00	0.0	0
2020-02-20	45	20	32.5	-5.3	32	0	0.00	0.0	0
2020-02-21	45	23	34.0	-4.1	31	0	0.00	0.0	0
2020-02-22	50	25	37.5	-0.9	27	0	0.00	0.0	0
2020-02-23	58	29	43.5	4.8	21	0	T	T	0
2020-02-24	44	27	35.5	-3.5	29	0	0.00	0.0	0
2020-02-25	45	20	32.5	-6.8	32	0	0.00	0.0	0
2020-02-26	52	31	41.5	1.9	23	0	0.00	0.0	0
2020-02-27	56	27	41.5	1.6	23	0	0.00	0.0	0
2020-02-28	63	30	46.5	6.3	18	0	0.00	0.0	0
2020-02-29	49	36	42.5	2.1	22	0	0.00	0.0	0
2020-03-01	51	27	39.0	-1.5	26	0	0.00	0.0	0
2020-03-02	49	24	36.5	-4.3	28	0	0.00	0.0	0
2020-03-03	58	40	49.0	7.9	16	0	0.00	0.0	0
2020-03-04	60	34	47.0	5.6	18	0	0.00	0.0	0
2020-03-05	71	38	54.5	12.8	10	0	0.00	0.0	0
2020-03-06	66	42	54.0	12.0	11	0	0.00	0.0	0
2020-03-07	60	39	49.5	7.2	15	0	0.14	0.0	0
2020-03-08	51	33	42.0	-0.6	23	0	0.00	0.0	0
2020-03-09	52	37	44.5	1.6	20	0	0.02	0.0	0
2020-03-10	57	32	44.5	1.3	20	0	0.00	0.0	0
2020-03-11	63	36	49.5	6.1	15	0	0.00	0.0	0
2020-03-12	53	32	42.5	-1.2	22	0	0.00	0.0	0
2020-03-13	57	28	42.5	-1.5	22	0	0.00	0.0	0
2020-03-14	53	38	45.5	1.3	19	0	0.10	0.0	0
2020-03-15	56	34	45.0	0.5	20	0	0.58	T	0
2020-03-16	59	35	47.0	2.3	18	0	T	0.0	0
2020-03-17	60	41	50.5	5.5	14	0	0.28	T	0
2020-03-18	49	36	42.5	-2.7	22	0	T	T	0
2020-03-19	57	30	43.5	-1.9	21	0	0.00	0.0	0
2020-03-20	59	40	49.5	3.9	15	0	0.00	0.0	0
2020-03-21	59	36	47.5	1.6	17	0	0.00	0.0	0
2020-03-22	60	33	46.5	0.4	18	0	0.00	0.0	0
2020-03-23	57	43	50.0	3.7	15	0	0.05	0.0	0
2020-03-24	49	36	42.5	-4.0	22	0	0.07	0.0	0
2020-03-25	49	32	40.5	-6.1	24	0	0.01	T	0
2020-03-26	49	25	37.0	-9.8	28	0	0.00	0.0	0
2020-03-27	50	26	38.0	-9.0	27	0	0.00	0.0	0
2020-03-28	57	35	46.0	-1.2	19	0	0.00	0.0	0
2020-03-29	55	42	48.5	1.1	16	0	0.10	0.0	0
2020-03-30	54	43	48.5	0.9	16	0	0.03	0.0	0
2020-03-31	53	37	45.0	-2.7	20	0	0.44	0.0	0
2020-04-01	46	31	38.5	-9.4	26	0	T	T	0
2020-04-02	47	25	36.0	-12.1	29	0	0.00	0.0	0
2020-04-03	52	29	40.5	-7.7	24	0	0.00	0.0	0
2020-04-04	60	29	44.5	-3.9	20	0	0.05	0.0	0
2020-04-05	61	42	51.5	2.9	13	0	0.16	0.0	0
2020-04-06	62	40	51.0	2.2	14	0	0.00	0.0	0
2020-04-07	66	39	52.5	3.6	12	0	0.00	0.0	0
2020-04-08	71	40	55.5	6.4	9	0	0.00	0.0	0
2020-04-09	71	39	55.0	5.7	10	0	0.00	0.0	0
2020-04-10	71	46	58.5	9.0	6	0	0.00	0.0	0
2020-04-11	65	42	53.5	3.8	11	0	0.00	0.0	0
2020-04-12	54	33	43.5	-6.4	21	0	0.00	0.0	0
2020-04-13	52	28	40.0	-10.1	25	0	0.00	0.0	0
2020-04-14	61	30	45.5	-4.8	19	0	0.00	0.0	0
2020-04-15	62	43	52.5	2.0	12	0	0.02	0.0	0
2020-04-16	55	37	46.0	-4.7	19	0	0.00	0.0	0