2020-01-01	44	20	32.0	-3.4	33	0	0.00	0.0	0
2020-01-02	37	29	33.0	-2.4	32	0	T	T	0
2020-01-03	45	23	34.0	-1.4	31	0	0.00	0.0	0
2020-01-04	50	25	37.5	2.0	27	0	0.00	0.0	0
2020-01-05	52	27	39.5	4.0	25	0	0.00	0.0	0
2020-01-06	48	25	36.5	0.9	28	0	0.00	0.0	0
2020-01-07	49	20	34.5	-1.1	30	0	0.00	0.0	0
2020-01-08	50	18	34.0	-1.7	31	0	0.00	0.0	0
2020-01-09	46	28	37.0	1.3	28	0	0.00	0.0	0
2020-01-10	41	27	34.0	-1.8	31	0	0.02	0.2	0
2020-01-11	42	17	29.5	-6.4	35	0	0.00	0.0	0
2020-01-12	47	21	34.0	-1.9	31	0	0.00	0.0	0
2020-01-13	56	25	40.5	4.5	24	0	0.00	0.0	0
2020-01-14	58	26	42.0	5.9	23	0	0.00	0.0	0
2020-01-15	59	32	45.5	9.3	19	0	0.00	0.0	0
2020-01-16	43	30	36.5	0.2	28	0	0.15	0.7	0
2020-01-17	48	32	40.0	3.6	25	0	T	T	0
2020-01-18	47	23	35.0	-1.5	30	0	0.00	0.0	0
2020-01-19	48	28	38.0	1.4	27	0	0.00	0.0	0
2020-01-20	50	30	40.0	3.3	25	0	0.00	0.0	0
2020-01-21	43	37	40.0	3.2	25	0	0.13	0.0	0
2020-01-22	49	38	43.5	6.6	21	0	T	0.0	0
2020-01-23	53	31	42.0	5.0	23	0	0.00	0.0	0
2020-01-24	51	28	39.5	2.3	25	0	0.00	0.0	0
2020-01-25	56	28	42.0	4.7	23	0	0.00	0.0	0
2020-01-26	54	30	42.0	4.6	23	0	0.00	0.0	0
2020-01-27	47	27	37.0	-0.6	28	0	T	0.0	0
2020-01-28	48	29	38.5	0.8	26	0	0.00	0.0	0
2020-01-29	50	25	37.5	-0.4	27	0	0.00	0.0	0
2020-01-30	51	28	39.5	1.4	25	0	0.00	0.0	0
2020-01-31	52	28	40.0	1.8	25	0	0.00	0.0	0
2020-02-01	58	26	42.0	3.6	23	0	0.00	0.0	0
2020-02-02	57	29	43.0	4.4	22	0	0.00	0.0	0
2020-02-03	61	30	45.5	6.7	19	0	0.00	0.0	0
2020-02-04	39	21	30.0	-9.0	35	0	0.05	0.8	T
2020-02-05	32	12	22.0	-17.2	43	0	0.00	0.0	0
2020-02-06	51	22	36.5	-2.9	28	0	0.00	0.0	0
2020-02-07	63	29	46.0	6.4	19	0	0.00	0.0	0
2020-02-08	64	30	47.0	7.2	18	0	0.00	0.0	0
2020-02-09	57	33	45.0	4.9	20	0	0.00	0.0	0
2020-02-10	49	33	41.0	0.7	24	0	0.25	T	0
2020-02-11	34	27	30.5	-10.0	34	0	0.08	0.4	0
2020-02-12	44	27	35.5	-5.2	29	0	T	T	0
2020-02-13	50	24	37.0	-4.0	28	0	0.00	0.0	0
2020-02-14	53	25	39.0	-2.2	26	0	0.00	0.0	0
2020-02-15	59	31	45.0	3.5	20	0	0.00	0.0	0
2020-02-16	64	31	47.5	5.8	17	0	0.00	0.0	0
2020-02-17	64	34	49.0	7.1	16	0	0.00	0.0	0
2020-02-18	57	37	47.0	4.8	18	0	T	0.0	0
2020-02-19	56	36	46.0	3.6	19	0	0.00	0.0	0
2020-02-20	46	32	39.0	-3.7	26	0	0.00	0.0	0
2020-02-21	46	30	38.0	-4.9	27	0	0.00	0.0	0
2020-02-22	46	38	42.0	-1.2	23	0	0.12	0.0	0
2020-02-23	50	37	43.5	0.1	21	0	0.07	0.0	0
2020-02-24	57	32	44.5	0.8	20	0	0.00	0.0	0
2020-02-25	43	27	35.0	-8.9	30	0	0.00	0.0	0
2020-02-26	45	21	33.0	-11.1	32	0	0.00	0.0	0
2020-02-27	58	25	41.5	-2.9	23	0	0.00	0.0	0
2020-02-28	60	28	44.0	-0.6	21	0	0.00	0.0	0
2020-02-29	65	33	49.0	4.3	16	0	0.00	0.0	0
2020-03-01	60	38	49.0	4.2	16	0	T	0.0	0
2020-03-02	59	33	46.0	0.9	19	0	0.00	0.0	0
2020-03-03	59	32	45.5	0.2	19	0	0.00	0.0	0
2020-03-04	63	35	49.0	3.5	16	0	0.00	0.0	0
2020-03-05	65	35	50.0	4.3	15	0	0.00	0.0	0
2020-03-06	65	37	51.0	5.0	14	0	0.00	0.0	0
2020-03-07	68	37	52.5	6.3	12	0	0.00	0.0	0
2020-03-08	58	44	51.0	4.6	14	0	0.01	0.0	0
2020-03-09	64	34	49.0	2.4	16	0	0.00	0.0	0
2020-03-10	67	42	54.5	7.7	10	0	T	0.0	0
2020-03-11	65	45	55.0	8.0	10	0	0.02	0.0	0
2020-03-12	66	48	57.0	9.8	8	0	T	0.0	0
2020-03-13	61	45	53.0	5.5	12	0	0.23	0.0	0
2020-03-14	59	37	48.0	0.3	17	0	0.00	0.0	0
2020-03-15	66	41	53.5	5.6	11	0	0.00	0.0	0
2020-03-16	68	40	54.0	5.9	11	0	0.00	0.0	0
2020-03-17	68	46	57.0	8.7	8	0	0.00	0.0	0
2020-03-18	60	41	50.5	2.0	14	0	0.03	0.0	0
2020-03-19	54	36	45.0	-3.7	20	0	0.00	0.0	0
2020-03-20	60	35	47.5	-1.4	17	0	0.00	0.0	0
2020-03-21	62	38	50.0	0.9	15	0	0.02	0.0	0
2020-03-22	62	36	49.0	-0.3	16	0	0.00	0.0	0
2020-03-23	69	43	56.0	6.4	9	0	0.00	0.0	0
2020-03-24	66	41	53.5	3.7	11	0	0.00	0.0	0
2020-03-25	77	41	59.0	9.0	6	0	0.00	0.0	0
2020-03-26	66	51	58.5	8.3	6	0	T	0.0	0
2020-03-27	62	36	49.0	-1.5	16	0	T	0.0	0
2020-03-28	54	31	42.5	-8.2	22	0	0.00	0.0	0
2020-03-29	63	34	48.5	-2.5	16	0	0.00	0.0	0
2020-03-30	62	39	50.5	-0.7	14	0	0.00	0.0	0
2020-03-31	70	33	51.5	0.1	13	0	0.00	0.0	0
2020-04-01	73	49	61.0	9.3	4	0	0.00	0.0	0
2020-04-02	75	44	59.5	7.5	5	0	0.00	0.0	0
2020-04-03	69	44	56.5	4.3	8	0	T	0.0	0
2020-04-04	69	42	55.5	3.0	9	0	0.00	0.0	0
2020-04-05	71	40	55.5	2.7	9	0	0.00	0.0	0
2020-04-06	72	44	58.0	5.0	7	0	0.00	0.0	0
2020-04-07	73	41	57.0	3.7	8	0	0.00	0.0	0
2020-04-08	74	46	60.0	6.4	5	0	0.00	0.0	0
2020-04-09	73	51	62.0	8.1	3	0	0.00	0.0	0
2020-04-10	70	44	57.0	2.8	8	0	0.00	0.0	0
2020-04-11	68	41	54.5	0.0	10	0	0.00	0.0	0
2020-04-12	65	37	51.0	-3.8	14	0	0.01	0.0	0
2020-04-13	50	33	41.5	-13.6	23	0	0.46	0.1	0
2020-04-14	53	33	43.0	-12.4	22	0	0.00	0.0	0
2020-04-15	64	29	46.5	-9.3	18	0	0.00	0.0	0
2020-04-16	73	39	56.0	-0.1	9	0	0.00	0.0	0