2020-01-01	43	36	39.5	9.3	25	0	0.00	0.0
2020-01-02	49	34	41.5	11.5	23	0	0.00	0.0
2020-01-03	52	44	48.0	18.2	17	0	0.00	0.0
2020-01-04	48	40	44.0	14.4	21	0	0.13	0.0
2020-01-05	41	32	36.5	7.0	28	0	0.11	T
2020-01-06	41	27	34.0	4.7	31	0	T	T
2020-01-07	42	33	37.5	8.3	27	0	T	T
2020-01-08	45	29	37.0	7.9	28	0	0.02	0.1
2020-01-09	33	22	27.5	-1.5	37	0	0.00	0.0
2020-01-10	53	29	41.0	12.1	24	0	0.00	0.0
2020-01-11	70	49	59.5	30.7	5	0	0.00	0.0
2020-01-12	74	40	57.0	28.3	8	0	0.02	0.0
2020-01-13	43	36	39.5	10.8	25	0	0.01	T
2020-01-14	42	37	39.5	10.9	25	0	T	0.0
2020-01-15	52	39	45.5	16.9	19	0	T	0.0
2020-01-16	47	30	38.5	9.9	26	0	0.10	0.0
2020-01-17	30	16	23.0	-5.5	42	0	0.00	0.0
2020-01-18	33	14	23.5	-5.0	41	0	0.28	3.0
2020-01-19	45	24	34.5	5.9	30	0	0.02	T
2020-01-20	30	19	24.5	-4.1	40	0	0.00	0.0
2020-01-21	28	18	23.0	-5.6	42	0	0.00	0.0
2020-01-22	39	20	29.5	0.9	35	0	0.00	0.0
2020-01-23	50	26	38.0	9.3	27	0	0.00	0.0
2020-01-24	48	34	41.0	12.2	24	0	0.00	0.0
2020-01-25	50	40	45.0	16.2	20	0	0.70	0.0
2020-01-26	51	40	45.5	16.6	19	0	0.00	0.0
2020-01-27	48	39	43.5	14.5	21	0	0.00	0.0
2020-01-28	42	36	39.0	9.9	26	0	0.00	0.0
2020-01-29	43	29	36.0	6.8	29	0	0.00	0.0
2020-01-30	33	22	27.5	-1.8	37	0	0.00	0.0
2020-01-31	47	29	38.0	8.6	27	0	0.00	0.0
2020-02-01	41	34	37.5	8.0	27	0	0.02	T
2020-02-02	44	36	40.0	10.4	25	0	0.00	0.0
2020-02-03	50	35	42.5	12.7	22	0	0.00	0.0
2020-02-04	47	35	41.0	11.1	24	0	0.00	0.0
2020-02-05	43	33	38.0	7.9	27	0	0.05	T
2020-02-06	41	34	37.5	7.3	27	0	0.44	0.3
2020-02-07	56	30	43.0	12.6	22	0	0.32	0.0
2020-02-08	37	25	31.0	0.5	34	0	0.00	0.0
2020-02-09	38	20	29.0	-1.7	36	0	T	T
2020-02-10	47	38	42.5	11.7	22	0	0.16	0.0
2020-02-11	45	40	42.5	11.5	22	0	0.17	0.0
2020-02-12	45	37	41.0	9.8	24	0	0.00	0.0
2020-02-13	41	35	38.0	6.7	27	0	0.53	0.2
2020-02-14	40	15	27.5	-4.0	37	0	0.00	0.0
2020-02-15	31	12	21.5	-10.2	43	0	0.00	0.0
2020-02-16	46	29	37.5	5.6	27	0	0.00	0.0
2020-02-17	49	31	40.0	7.9	25	0	0.00	0.0
2020-02-18	42	31	36.5	4.3	28	0	0.45	0.0
2020-02-19	46	32	39.0	6.6	26	0	0.00	0.0
2020-02-20	37	24	30.5	-2.1	34	0	0.00	0.0
2020-02-21	33	17	25.0	-7.8	40	0	0.00	0.0
2020-02-22	49	29	39.0	6.0	26	0	0.00	0.0
2020-02-23	58	34	46.0	12.8	19	0	0.00	0.0
2020-02-24	64	35	49.5	16.1	15	0	0.00	0.0
2020-02-25	53	43	48.0	14.4	17	0	0.26	0.0
2020-02-26	48	44	46.0	12.2	19	0	0.15	0.0
2020-02-27	55	33	44.0	10.0	21	0	0.75	0.0
2020-02-28	38	28	33.0	-1.2	32	0	0.00	0.0
2020-02-29	35	22	28.5	-5.8	36	0	0.00	0.0
2020-03-01	33	19	26.0	-8.4	39	0	0.00	0.0
2020-03-02	52	23	37.5	2.8	27	0	T	T
2020-03-03	59	46	52.5	17.6	12	0	0.03	0.0
2020-03-04	50	41	45.5	10.4	19	0	0.03	0.0
2020-03-05	51	37	44.0	8.7	21	0	0.00	0.0
2020-03-06	44	32	38.0	2.4	27	0	T	T
2020-03-07	45	29	37.0	1.2	28	0	T	T
2020-03-08	53	31	42.0	6.0	23	0	0.00	0.0
2020-03-09	72	42	57.0	20.7	8	0	0.00	0.0
2020-03-10	66	40	53.0	16.5	12	0	T	0.0
2020-03-11	59	37	48.0	11.2	17	0	0.00	0.0
2020-03-12	43	34	38.5	1.5	26	0	T	0.0
2020-03-13	62	40	51.0	13.7	14	0	0.29	0.0
2020-03-14	53	38	45.5	8.0	19	0	0.00	0.0
2020-03-15	43	30	36.5	-1.3	28	0	0.00	0.0
2020-03-16	35	24	29.5	-8.6	35	0	0.00	0.0
2020-03-17	45	31	38.0	-0.3	27	0	0.03	T
2020-03-18	51	37	44.0	5.4	21	0	0.00	0.0
2020-03-19	42	39	40.5	1.6	24	0	0.56	0.0
2020-03-20	68	38	53.0	13.8	12	0	0.02	0.0
2020-03-21	57	31	44.0	4.5	21	0	0.00	0.0
2020-03-22	33	25	29.0	-10.8	36	0	0.00	0.0
2020-03-23	41	28	34.5	-5.6	30	0	1.38	T
2020-03-24	49	34	41.5	1.1	23	0	0.35	0.0
2020-03-25	43	37	40.0	-0.7	25	0	T	0.0
2020-03-26	46	32	39.0	-2.0	26	0	0.00	0.0
2020-03-27	61	43	52.0	10.6	13	0	0.01	0.0
2020-03-28	48	36	42.0	0.3	23	0	0.08	0.0
2020-03-29	43	39	41.0	-1.0	24	0	0.74	0.0
2020-03-30	43	37	40.0	-2.4	25	0	0.08	0.0
2020-03-31	40	33	36.5	-6.2	28	0	T	0.0
2020-04-01	43	31	37.0	-6.0	28	0	0.00	0.0	
2020-04-02	47	39	43.0	-0.4	22	0	0.13	0.0	
2020-04-03	45	41	43.0	-0.7	22	0	0.83	0.0	
2020-04-04	44	39	41.5	-2.6	23	0	0.04	0.0	
2020-04-05	54	39	46.5	2.1	18	0	0.00	0.0	
2020-04-06	62	44	53.0	8.2	12	0	0.00	0.0	
2020-04-07	62	46	54.0	8.9	11	0	0.00	0.0	
2020-04-08	48	42	45.0	-0.5	20	0	0.07	M	
2020-04-09	48	41	44.5	-1.3	20	0	0.64	M	
2020-04-10	48	38	43.0	-3.2	22	0	0.01	0.0	
2020-04-11	52	37	44.5	-2.1	20	0	0.00	0.0	
2020-04-12	60	35	47.5	0.6	17	0	0.00	0.0	
2020-04-13	60	51	55.5	8.2	9	0	0.56	0.0	
2020-04-14	58	45	51.5	3.9	13	0	0.00	0.0	
2020-04-15	53	38	45.5	-2.5	19	0	T	0.0	
2020-04-16	47	34	40.5	-7.8	24	0	T	T	