2020-01-01	42	34	38.0	7.0	27	0	0.00	0.0	0
2020-01-02	47	30	38.5	7.6	26	0	0.00	0.0	0
2020-01-03	45	42	43.5	12.8	21	0	0.07	0.0	0
2020-01-04	47	42	44.5	13.9	20	0	0.15	0.0	0
2020-01-05	43	33	38.0	7.6	27	0	0.01	0.0	0
2020-01-06	47	32	39.5	9.2	25	0	T	T	0
2020-01-07	43	33	38.0	7.8	27	0	0.11	0.2	0
2020-01-08	43	28	35.5	5.4	29	0	0.01	T	T
2020-01-09	34	22	28.0	-2.0	37	0	0.00	0.0	0
2020-01-10	47	33	40.0	10.1	25	0	0.00	0.0	0
2020-01-11	59	39	49.0	19.1	16	0	0.00	0.0	0
2020-01-12	69	38	53.5	23.7	11	0	0.05	0.0	0
2020-01-13	44	35	39.5	9.7	25	0	0.00	0.0	0
2020-01-14	42	36	39.0	9.3	26	0	0.05	0.0	0
2020-01-15	51	33	42.0	12.3	23	0	0.00	0.0	0
2020-01-16	51	31	41.0	11.3	24	0	0.10	0.0	0
2020-01-17	32	17	24.5	-5.2	40	0	0.00	0.0	0
2020-01-18	38	17	27.5	-2.2	37	0	0.43	4.4	0
2020-01-19	45	28	36.5	6.8	28	0	T	0.0	4
2020-01-20	30	18	24.0	-5.7	41	0	0.00	0.0	2
2020-01-21	33	15	24.0	-5.7	41	0	0.00	0.0	2
2020-01-22	37	17	27.0	-2.8	38	0	0.00	0.0	2
2020-01-23	41	20	30.5	0.7	34	0	0.00	0.0	2
2020-01-24	47	28	37.5	7.6	27	0	0.00	0.0	1
2020-01-25	49	37	43.0	13.1	22	0	0.89	0.0	0
2020-01-26	49	35	42.0	12.0	23	0	0.00	0.0	0
2020-01-27	45	35	40.0	9.9	25	0	0.00	0.0	0
2020-01-28	42	35	38.5	8.4	26	0	0.00	0.0	0
2020-01-29	41	28	34.5	4.3	30	0	0.00	0.0	0
2020-01-30	33	24	28.5	-1.8	36	0	0.00	0.0	0
2020-01-31	41	26	33.5	3.1	31	0	0.02	0.0	0
2020-02-01	40	33	36.5	6.0	28	0	0.00	0.0	0
2020-02-02	45	35	40.0	9.4	25	0	0.02	0.0	0
2020-02-03	53	35	44.0	13.3	21	0	0.00	0.0	0
2020-02-04	47	38	42.5	11.7	22	0	0.02	0.0	0
2020-02-05	46	39	42.5	11.6	22	0	0.07	0.0	0
2020-02-06	40	37	38.5	7.4	26	0	0.34	0.0	0
2020-02-07	52	33	42.5	11.3	22	0	0.28	T	0
2020-02-08	42	26	34.0	2.7	31	0	0.00	0.0	0
2020-02-09	42	26	34.0	2.5	31	0	0.00	0.0	0
2020-02-10	45	41	43.0	11.4	22	0	0.30	0.0	0
2020-02-11	46	41	43.5	11.7	21	0	0.40	0.0	0
2020-02-12	44	35	39.5	7.6	25	0	0.02	0.0	0
2020-02-13	41	37	39.0	6.9	26	0	0.80	0.0	0
2020-02-14	39	15	27.0	-5.2	38	0	0.00	0.0	0
2020-02-15	32	11	21.5	-10.9	43	0	0.00	0.0	0
2020-02-16	41	31	36.0	3.4	29	0	0.00	0.0	0
2020-02-17	46	30	38.0	5.3	27	0	0.00	0.0	0
2020-02-18	42	34	38.0	5.1	27	0	0.05	0.0	0
2020-02-19	49	31	40.0	6.9	25	0	0.00	0.0	0
2020-02-20	36	24	30.0	-3.3	35	0	0.00	0.0	0
2020-02-21	35	19	27.0	-6.5	38	0	0.00	0.0	0
2020-02-22	46	29	37.5	3.8	27	0	0.00	0.0	0
2020-02-23	51	25	38.0	4.1	27	0	0.00	0.0	0
2020-02-24	56	29	42.5	8.4	22	0	0.00	0.0	0
2020-02-25	50	40	45.0	10.7	20	0	0.09	0.0	0
2020-02-26	48	42	45.0	10.5	20	0	0.05	0.0	0
2020-02-27	48	32	40.0	5.3	25	0	0.90	0.0	0
2020-02-28	42	28	35.0	0.1	30	0	0.00	0.0	0
2020-02-29	38	23	30.5	-4.5	34	0	0.00	0.0	0
2020-03-01	43	22	32.5	-2.6	32	0	0.00	0.0	0
2020-03-02	54	28	41.0	5.6	24	0	0.01	0.0	0
2020-03-03	56	40	48.0	12.4	17	0	0.31	0.0	0
2020-03-04	56	44	50.0	14.1	15	0	T	0.0	0
2020-03-05	50	35	42.5	6.4	22	0	0.00	0.0	0
2020-03-06	46	33	39.5	3.1	25	0	0.01	0.0	0
2020-03-07	46	33	39.5	2.9	25	0	0.00	0.0	0
2020-03-08	53	31	42.0	5.1	23	0	0.00	0.0	0
2020-03-09	63	40	51.5	14.4	13	0	0.00	0.0	0
2020-03-10	59	41	50.0	12.6	15	0	T	0.0	0
2020-03-11	57	39	48.0	10.3	17	0	0.00	0.0	0
2020-03-12	46	37	41.5	3.5	23	0	0.13	0.0	0
2020-03-13	69	42	55.5	17.2	9	0	0.47	0.0	0
2020-03-14	57	40	48.5	10.0	16	0	0.00	0.0	0
2020-03-15	54	38	46.0	7.2	19	0	0.00	0.0	0
2020-03-16	42	30	36.0	-3.1	29	0	0.00	0.0	0
2020-03-17	48	39	43.5	4.1	21	0	0.15	M	0
2020-03-18	52	32	42.0	2.3	23	0	0.01	0.0	0
2020-03-19	50	41	45.5	5.4	19	0	0.91	0.0	0
2020-03-20	68	45	56.5	16.1	8	0	T	0.0	0
2020-03-21	62	38	50.0	9.3	15	0	0.00	0.0	0
2020-03-22	41	31	36.0	-5.0	29	0	0.00	0.0	0
2020-03-23	44	36	40.0	-1.3	25	0	1.28	T	0
2020-03-24	53	35	44.0	2.3	21	0	0.00	0.0	0
2020-03-25	46	38	42.0	0.0	23	0	0.01	0.0	0
2020-03-26	55	34	44.5	2.2	20	0	0.00	0.0	0
2020-03-27	66	44	55.0	12.3	10	0	0.00	0.0	0
2020-03-28	48	42	45.0	2.0	20	0	0.23	0.0	0
2020-03-29	48	44	46.0	2.6	19	0	0.43	0.0	0
2020-03-30	47	41	44.0	0.3	21	0	T	0.0	0
2020-03-31	46	40	43.0	-1.0	22	0	T	0.0	0
2020-04-01	57	36	46.5	2.1	18	0	0.00	0.0	0
2020-04-02	57	39	48.0	3.3	17	0	0.01	0.0	0
2020-04-03	54	43	48.5	3.4	16	0	0.19	M	0
2020-04-04	58	46	52.0	6.6	13	0	T	0.0	0
2020-04-05	53	46	49.5	3.7	15	0	0.00	0.0	0
2020-04-06	66	43	54.5	8.4	10	0	0.00	0.0	0
2020-04-07	64	46	55.0	8.5	10	0	0.00	0.0	0
2020-04-08	54	46	50.0	3.2	15	0	0.14	0.0	0
2020-04-09	56	41	48.5	1.3	16	0	0.62	0.0	0
2020-04-10	51	40	45.5	-2.0	19	0	0.00	0.0	0
2020-04-11	56	36	46.0	-1.9	19	0	0.00	0.0	0
2020-04-12	57	34	45.5	-2.7	19	0	0.00	0.0	0
2020-04-13	61	52	56.5	7.9	8	0	1.55	0.0	0
2020-04-14	56	45	50.5	1.6	14	0	0.00	0.0	0
2020-04-15	54	40	47.0	-2.2	18	0	T	0.0	0
2020-04-16	51	38	44.5	-5.1	20	0	0.00	0.0	0