2020-01-01	52	38	45.0	-2.4	20	0	0.00	0.0	0
2020-01-02	61	39	50.0	2.5	15	0	0.00	0.0	0
2020-01-03	60	39	49.5	2.0	15	0	0.00	0.0	0
2020-01-04	58	39	48.5	0.9	16	0	0.00	0.0	0
2020-01-05	58	39	48.5	0.8	16	0	0.00	0.0	0
2020-01-06	60	38	49.0	1.2	16	0	0.00	0.0	0
2020-01-07	60	38	49.0	1.1	16	0	0.00	0.0	0
2020-01-08	62	39	50.5	2.5	14	0	0.00	0.0	0
2020-01-09	57	43	50.0	1.9	15	0	0.00	0.0	0
2020-01-10	55	40	47.5	-0.7	17	0	0.00	0.0	0
2020-01-11	53	34	43.5	-4.7	21	0	0.00	0.0	0
2020-01-12	53	34	43.5	-4.8	21	0	0.00	0.0	0
2020-01-13	56	36	46.0	-2.4	19	0	0.00	0.0	0
2020-01-14	58	37	47.5	-1.0	17	0	0.00	0.0	0
2020-01-15	57	38	47.5	-1.1	17	0	0.00	0.0	0
2020-01-16	60	38	49.0	0.3	16	0	0.00	0.0	0
2020-01-17	58	44	51.0	2.2	14	0	0.00	0.0	0
2020-01-18	58	37	47.5	-1.3	17	0	0.00	0.0	0
2020-01-19	65	39	52.0	3.1	13	0	0.00	0.0	0
2020-01-20	61	51	56.0	7.0	9	0	0.00	0.0	0
2020-01-21	61	48	54.5	5.4	10	0	0.00	0.0	0
2020-01-22	61	44	52.5	3.3	12	0	0.00	0.0	0
2020-01-23	66	44	55.0	5.7	10	0	0.00	0.0	0
2020-01-24	66	44	55.0	5.6	10	0	0.00	0.0	0
2020-01-25	66	44	55.0	5.5	10	0	0.00	0.0	0
2020-01-26	65	45	55.0	5.4	10	0	0.00	0.0	0
2020-01-27	68	49	58.5	8.8	6	0	0.00	0.0	0
2020-01-28	63	45	54.0	4.2	11	0	0.00	0.0	0
2020-01-29	64	43	53.5	3.6	11	0	0.00	0.0	0
2020-01-30	64	41	52.5	2.5	12	0	0.00	0.0	0
2020-01-31	64	43	53.5	3.3	11	0	0.00	0.0	0
2020-02-01	70	43	56.5	6.2	8	0	0.00	0.0	0
2020-02-02	77	43	60.0	9.6	5	0	0.00	0.0	0
2020-02-03	52	38	45.0	-5.6	20	0	0.00	0.0	0
2020-02-04	49	36	42.5	-8.2	22	0	0.00	0.0	0
2020-02-05	51	31	41.0	-9.9	24	0	0.00	0.0	0
2020-02-06	61	37	49.0	-2.1	16	0	0.00	0.0	0
2020-02-07	69	43	56.0	4.8	9	0	0.00	0.0	0
2020-02-08	68	43	55.5	4.1	9	0	0.00	0.0	0
2020-02-09	56	45	50.5	-1.1	14	0	0.05	M	0
2020-02-10	64	44	54.0	2.2	11	0	0.02	M	0
2020-02-11	59	44	51.5	-0.5	13	0	0.00	0.0	0
2020-02-12	63	39	51.0	-1.2	14	0	0.00	0.0	0
2020-02-13	64	41	52.5	0.1	12	0	0.00	0.0	0
2020-02-14	66	41	53.5	0.8	11	0	0.00	0.0	0
2020-02-15	66	43	54.5	1.6	10	0	0.00	0.0	0
2020-02-16	69	46	57.5	4.4	7	0	0.00	0.0	0
2020-02-17	71	49	60.0	6.6	5	0	0.00	0.0	0
2020-02-18	62	47	54.5	0.9	10	0	0.00	0.0	0
2020-02-19	65	43	54.0	0.1	11	0	0.00	0.0	0
2020-02-20	65	41	53.0	-1.1	12	0	0.00	0.0	0
2020-02-21	69	45	57.0	2.6	8	0	0.00	0.0	0
2020-02-22	59	49	54.0	-0.6	11	0	0.18	M	0
2020-02-23	69	48	58.5	3.6	6	0	0.05	M	0
2020-02-24	70	49	59.5	4.4	5	0	0.00	0.0	0
2020-02-25	60	49	54.5	-0.9	10	0	0.00	0.0	0
2020-02-26	63	42	52.5	-3.2	12	0	0.00	0.0	0
2020-02-27	71	43	57.0	1.1	8	0	0.00	0.0	0
2020-02-28	70	50	60.0	3.8	5	0	0.00	0.0	0
2020-02-29	68	49	58.5	2.2	6	0	0.00	0.0	0
2020-03-01	65	45	55.0	-1.4	10	0	0.22	0.0	0
2020-03-02	63	43	53.0	-3.7	12	0	0.10	0.0	0
2020-03-03	72	53	62.5	5.5	2	0	0.00	0.0	0
2020-03-04	73	49	61.0	3.8	4	0	0.00	0.0	0
2020-03-05	75	50	62.5	5.0	2	0	0.00	0.0	0
2020-03-06	78	53	65.5	7.8	0	1	0.00	0.0	0
2020-03-07	75	57	66.0	8.1	0	1	0.00	0.0	0
2020-03-08	68	54	61.0	2.8	4	0	0.00	0.0	0
2020-03-09	71	51	61.0	2.6	4	0	0.00	0.0	0
2020-03-10	60	53	56.5	-2.2	8	0	0.45	0.0	0
2020-03-11	69	53	61.0	2.1	4	0	0.05	0.0	0
2020-03-12	70	53	61.5	2.4	3	0	0.77	0.0	0
2020-03-13	62	54	58.0	-1.3	7	0	0.01	0.0	0
2020-03-14	68	52	60.0	0.5	5	0	0.00	0.0	0
2020-03-15	69	52	60.5	0.8	4	0	0.00	0.0	0
2020-03-16	67	50	58.5	-1.5	6	0	0.00	0.0	0
2020-03-17	61	50	55.5	-4.7	9	0	T	0.0	0
2020-03-18	58	46	52.0	-8.4	13	0	0.00	0.0	0
2020-03-19	60	45	52.5	-8.1	12	0	0.01	M	0
2020-03-20	60	45	52.5	-8.3	12	0	T	M	0
2020-03-21	67	50	58.5	-2.5	6	0	0.00	0.0	0
2020-03-22	68	48	58.0	-3.1	7	0	0.00	0.0	0
2020-03-23	67	51	59.0	-2.3	6	0	0.01	0.0	0
2020-03-24	70	52	61.0	-0.5	4	0	0.00	0.0	0
2020-03-25	68	52	60.0	-1.7	5	0	0.00	0.0	0
2020-03-26	62	46	54.0	-7.9	11	0	0.00	0.0	0
2020-03-27	62	44	53.0	-9.1	12	0	T	0.0	0
2020-03-28	67	45	56.0	-6.3	9	0	0.00	0.0	0
2020-03-29	67	53	60.0	-2.5	5	0	0.02	0.0	0
2020-03-30	72	49	60.5	-2.2	4	0	0.00	0.0	0
2020-03-31	76	51	63.5	0.6	1	0	0.00	0.0	0
2020-04-01	82	56	69.0	5.8	0	4	0.00	0.0	0
2020-04-02	70	56	63.0	-0.4	2	0	0.00	0.0	0
2020-04-03	73	52	62.5	-1.1	2	0	0.00	0.0	0
2020-04-04	77	51	64.0	0.2	1	0	0.00	0.0	0
2020-04-05	75	56	65.5	1.4	0	1	0.00	0.0	0
2020-04-06	68	55	61.5	-2.8	3	0	T	0.0	0
2020-04-07	65	55	60.0	-4.6	5	0	0.05	0.0	0
2020-04-08	71	51	61.0	-3.8	4	0	T	0.0	0
2020-04-09	61	48	54.5	-10.6	10	0	0.00	0.0	0
2020-04-10	62	52	57.0	-8.4	8	0	T	0.0	0
2020-04-11	76	51	63.5	-2.1	1	0	0.00	0.0	0
2020-04-12	76	58	67.0	1.1	0	2	0.11	0.0	0
2020-04-13	75	54	64.5	-1.7	0	0	0.00	0.0	0
2020-04-14	69	51	60.0	-6.5	5	0	0.00	0.0	0
2020-04-15	79	50	64.5	-2.3	0	0	0.00	0.0	0
2020-04-16	81	59	70.0	2.9	0	5	0.00	0.0	0