2020-01-01	42	21	31.5	7.1	33	0	0.00	0.0	0
2020-01-02	48	37	42.5	18.2	22	0	0.00	0.0	0
2020-01-03	41	33	37.0	12.8	28	0	0.00	0.0	0
2020-01-04	33	26	29.5	5.4	35	0	0.03	0.5	1
2020-01-05	42	24	33.0	9.0	32	0	0.00	0.0	0
2020-01-06	42	27	34.5	10.6	30	0	0.00	0.0	0
2020-01-07	40	28	34.0	10.1	31	0	0.00	0.0	0
2020-01-08	29	14	21.5	-2.3	43	0	0.00	0.0	0
2020-01-09	50	23	36.5	12.8	28	0	0.02	0.0	0
2020-01-10	50	36	43.0	19.3	22	0	0.84	0.0	0
2020-01-11	37	25	31.0	7.4	34	0	0.37	2.1	0
2020-01-12	31	23	27.0	3.4	38	0	T	T	2
2020-01-13	33	31	32.0	8.5	33	0	T	0.2	2
2020-01-14	39	25	32.0	8.5	33	0	0.00	0.0	1
2020-01-15	36	25	30.5	7.0	34	0	T	0.0	0
2020-01-16	29	11	20.0	-3.5	45	0	T	T	0
2020-01-17	29	11	20.0	-3.4	45	0	0.37	3.1	0
2020-01-18	35	5	20.0	-3.4	45	0	0.40	T	2
2020-01-19	19	2	10.5	-12.9	54	0	T	T	2
2020-01-20	31	17	24.0	0.6	41	0	T	T	2
2020-01-21	29	15	22.0	-1.5	43	0	0.00	0.0	2
2020-01-22	34	24	29.0	5.5	36	0	T	T	2
2020-01-23	34	29	31.5	8.0	33	0	0.17	0.9	2
2020-01-24	37	32	34.5	10.9	30	0	0.40	T	1
2020-01-25	34	32	33.0	9.4	32	0	0.12	0.4	1
2020-01-26	33	27	30.0	6.3	35	0	T	T	1
2020-01-27	35	27	31.0	7.2	34	0	T	T	0
2020-01-28	33	31	32.0	8.1	33	0	T	T	0
2020-01-29	34	30	32.0	8.0	33	0	T	T	0
2020-01-30	35	32	33.5	9.4	31	0	0.00	0.0	0
2020-01-31	37	32	34.5	10.3	30	0	0.08	0.6	0
2020-02-01	38	34	36.0	11.7	29	0	0.01	T	0
2020-02-02	52	35	43.5	19.0	21	0	0.00	0.0	0
2020-02-03	48	30	39.0	14.3	26	0	0.00	0.0	0
2020-02-04	39	31	35.0	10.2	30	0	0.00	0.0	0
2020-02-05	33	27	30.0	5.0	35	0	0.07	1.0	0
2020-02-06	30	27	28.5	3.3	36	0	0.05	1.4	1
2020-02-07	38	24	31.0	5.6	34	0	T	0.2	2
2020-02-08	37	28	32.5	6.8	32	0	T	T	0
2020-02-09	37	25	31.0	5.1	34	0	0.14	1.0	0
2020-02-10	39	26	32.5	6.3	32	0	0.00	0.0	0
2020-02-11	35	26	30.5	4.1	34	0	0.00	0.0	0
2020-02-12	37	24	30.5	3.8	34	0	0.18	2.0	0
2020-02-13	32	4	18.0	-9.0	47	0	0.03	1.5	3
2020-02-14	15	-2	6.5	-20.8	58	0	0.00	0.0	3
2020-02-15	33	7	20.0	-7.6	45	0	T	T	3
2020-02-16	43	20	31.5	3.6	33	0	0.00	0.0	2
2020-02-17	41	28	34.5	6.3	30	0	0.13	T	1
2020-02-18	39	25	32.0	3.5	33	0	T	0.0	0
2020-02-19	31	16	23.5	-5.3	41	0	0.00	0.0	0
2020-02-20	25	9	17.0	-12.2	48	0	0.00	0.0	0
2020-02-21	38	12	25.0	-4.5	40	0	0.00	0.0	0
2020-02-22	51	28	39.5	9.6	25	0	0.00	0.0	0
2020-02-23	55	35	45.0	14.8	20	0	0.00	0.0	0
2020-02-24	43	35	39.0	8.4	26	0	T	T	0
2020-02-25	41	33	37.0	6.0	28	0	0.06	0.7	0
2020-02-26	33	26	29.5	-1.8	35	0	0.10	1.0	1
2020-02-27	32	21	26.5	-5.2	38	0	T	T	1
2020-02-28	30	19	24.5	-7.6	40	0	0.00	0.0	1
2020-02-29	37	17	27.0	-5.3	38	0	0.00	0.0	0
2020-03-01	60	30	45.0	12.6	20	0	0.00	0.0	0
2020-03-02	50	34	42.0	9.2	23	0	0.00	0.0	0
2020-03-03	49	32	40.5	7.3	24	0	T	T	0
2020-03-04	49	32	40.5	6.9	24	0	T	0.0	0
2020-03-05	53	33	43.0	9.1	22	0	T	T	0
2020-03-06	40	28	34.0	-0.3	31	0	T	T	0
2020-03-07	53	25	39.0	4.3	26	0	0.00	0.0	0
2020-03-08	67	42	54.5	19.4	10	0	0.00	0.0	0
2020-03-09	57	48	52.5	17.1	12	0	0.83	0.0	0
2020-03-10	51	35	43.0	7.2	22	0	T	0.0	0
2020-03-11	45	36	40.5	4.3	24	0	T	0.0	0
2020-03-12	58	37	47.5	11.0	17	0	0.01	0.0	0
2020-03-13	50	34	42.0	5.1	23	0	0.00	0.0	0
2020-03-14	40	33	36.5	-0.7	28	0	0.01	T	0
2020-03-15	42	31	36.5	-1.1	28	0	0.00	0.0	0
2020-03-16	40	30	35.0	-2.9	30	0	0.04	T	0
2020-03-17	50	36	43.0	4.7	22	0	0.00	0.0	0
2020-03-18	46	39	42.5	3.8	22	0	0.29	0.0	0
2020-03-19	64	41	52.5	13.5	12	0	0.22	0.0	0
2020-03-20	63	31	47.0	7.6	18	0	0.06	0.0	0
2020-03-21	35	26	30.5	-9.2	34	0	0.00	0.0	0
2020-03-22	37	26	31.5	-8.6	33	0	0.16	2.2	0
2020-03-23	45	33	39.0	-1.4	26	0	0.05	1.0	3
2020-03-24	49	34	41.5	0.7	23	0	0.00	0.0	0
2020-03-25	58	32	45.0	3.9	20	0	0.00	0.0	0
2020-03-26	52	38	45.0	3.5	20	0	T	0.0	0
2020-03-27	50	37	43.5	1.7	21	0	0.33	0.0	0
2020-03-28	67	44	55.5	13.3	9	0	1.48	0.0	0
2020-03-29	63	44	53.5	11.0	11	0	T	0.0	0
2020-03-30	51	39	45.0	2.1	20	0	T	0.0	0
2020-03-31	43	37	40.0	-3.2	25	0	T	0.0	0
2020-04-01	53	38	45.5	1.9	19	0	0.00	0.0	0
2020-04-02	61	34	47.5	3.6	17	0	T	0.0	0
2020-04-03	70	46	58.0	13.7	7	0	T	0.0	0
2020-04-04	53	37	45.0	0.3	20	0	0.06	0.0	0
2020-04-05	52	35	43.5	-1.5	21	0	0.00	0.0	0
2020-04-06	64	35	49.5	4.1	15	0	T	M	0
2020-04-07	80	51	65.5	19.7	0	1	0.05	0.0	0
2020-04-08	74	48	61.0	14.9	4	0	0.22	0.0	0
2020-04-09	50	36	43.0	-3.5	22	0	T	T	0
2020-04-10	50	33	41.5	-5.4	23	0	0.00	0.0	0
2020-04-11	63	42	52.5	5.3	12	0	0.17	0.0	0
2020-04-12	66	49	57.5	9.9	7	0	0.13	0.0	0
2020-04-13	56	34	45.0	-3.0	20	0	0.02	0.0	0
2020-04-14	41	30	35.5	-12.9	29	0	T	T	0
2020-04-15	40	27	33.5	-15.2	31	0	0.10	1.7	1
2020-04-16	47	28	37.5	-11.6	27	0	0.00	0.0	0