2020-01-01	56	40	48.0	2.6	17	0	0.00	0.0	0
2020-01-02	61	45	53.0	7.6	12	0	0.00	0.0	0
2020-01-03	61	42	51.5	6.1	13	0	0.00	0.0	0
2020-01-04	58	34	46.0	0.6	19	0	0.00	0.0	0
2020-01-05	69	38	53.5	8.1	11	0	0.00	0.0	0
2020-01-06	65	38	51.5	6.1	13	0	0.00	0.0	0
2020-01-07	64	34	49.0	3.6	16	0	0.00	0.0	0
2020-01-08	64	36	50.0	4.5	15	0	0.00	0.0	0
2020-01-09	70	58	64.0	18.5	1	0	0.00	0.0	0
2020-01-10	70	42	56.0	10.5	9	0	1.47	0.0	0
2020-01-11	43	30	36.5	-9.1	28	0	0.07	0.2	0
2020-01-12	57	30	43.5	-2.1	21	0	0.00	0.0	0
2020-01-13	61	39	50.0	4.4	15	0	T	0.0	0
2020-01-14	73	57	65.0	19.3	0	0	T	0.0	0
2020-01-15	81	59	70.0	24.3	0	5	T	0.0	0
2020-01-16	59	45	52.0	6.2	13	0	2.10	0.0	0
2020-01-17	62	48	55.0	9.2	10	0	0.28	0.0	0
2020-01-18	61	37	49.0	3.1	16	0	0.01	0.0	0
2020-01-19	54	32	43.0	-3.0	22	0	0.00	0.0	0
2020-01-20	57	34	45.5	-0.5	19	0	0.00	0.0	0
2020-01-21	53	32	42.5	-3.6	22	0	0.02	0.0	0
2020-01-22	45	39	42.0	-4.2	23	0	0.46	0.0	0
2020-01-23	58	44	51.0	4.7	14	0	0.04	0.0	0
2020-01-24	59	38	48.5	2.1	16	0	0.00	0.0	0
2020-01-25	65	38	51.5	5.0	13	0	0.00	0.0	0
2020-01-26	63	47	55.0	8.4	10	0	0.00	0.0	0
2020-01-27	65	39	52.0	5.3	13	0	T	0.0	0
2020-01-28	62	40	51.0	4.2	14	0	0.51	0.0	0
2020-01-29	45	38	41.5	-5.4	23	0	0.04	0.0	0
2020-01-30	45	39	42.0	-5.0	23	0	0.00	0.0	0
2020-01-31	56	42	49.0	1.9	16	0	0.00	0.0	0
2020-02-01	66	33	49.5	2.2	15	0	0.00	0.0	0
2020-02-02	81	42	61.5	14.1	3	0	0.00	0.0	0
2020-02-03	73	54	63.5	15.9	1	0	0.15	0.0	0
2020-02-04	65	38	51.5	3.8	13	0	0.07	0.0	0
2020-02-05	39	32	35.5	-12.4	29	0	0.09	T	0
2020-02-06	46	28	37.0	-11.0	28	0	0.00	0.0	0
2020-02-07	60	30	45.0	-3.2	20	0	0.00	0.0	0
2020-02-08	65	37	51.0	2.6	14	0	0.00	0.0	0
2020-02-09	67	55	61.0	12.4	4	0	0.04	0.0	0
2020-02-10	55	39	47.0	-1.8	18	0	0.30	0.0	0
2020-02-11	43	40	41.5	-7.5	23	0	0.34	0.0	0
2020-02-12	48	40	44.0	-5.2	21	0	1.66	0.0	0
2020-02-13	44	32	38.0	-11.4	27	0	0.00	0.0	0
2020-02-14	50	25	37.5	-12.1	27	0	0.00	0.0	0
2020-02-15	64	38	51.0	1.2	14	0	0.00	0.0	0
2020-02-16	78	47	62.5	12.4	2	0	0.00	0.0	0
2020-02-17	78	58	68.0	17.7	0	3	0.00	0.0	0
2020-02-18	61	46	53.5	3.0	11	0	0.27	0.0	0
2020-02-19	49	41	45.0	-5.8	20	0	0.75	0.0	0
2020-02-20	54	37	45.5	-5.5	19	0	0.18	0.0	0
2020-02-21	49	30	39.5	-11.8	25	0	0.00	0.0	0
2020-02-22	57	40	48.5	-3.0	16	0	0.00	0.0	0
2020-02-23	60	46	53.0	1.2	12	0	0.03	0.0	0
2020-02-24	66	47	56.5	4.4	8	0	0.00	0.0	0
2020-02-25	61	41	51.0	-1.3	14	0	0.00	0.0	0
2020-02-26	50	36	43.0	-9.6	22	0	T	0.0	0
2020-02-27	62	28	45.0	-7.9	20	0	0.00	0.0	0
2020-02-28	67	39	53.0	-0.2	12	0	0.00	0.0	0
2020-02-29	75	44	59.5	6.2	5	0	0.00	0.0	0
2020-03-01	75	57	66.0	12.5	0	1	0.00	0.0	0
2020-03-02	71	55	63.0	9.3	2	0	0.00	0.0	0
2020-03-03	68	53	60.5	6.5	4	0	T	0.0	0
2020-03-04	59	50	54.5	0.2	10	0	0.88	0.0	0
2020-03-05	72	44	58.0	3.4	7	0	T	0.0	0
2020-03-06	67	40	53.5	-1.4	11	0	0.00	0.0	0
2020-03-07	63	45	54.0	-1.1	11	0	0.00	0.0	0
2020-03-08	70	47	58.5	3.1	6	0	0.00	0.0	0
2020-03-09	76	59	67.5	11.8	0	3	0.06	0.0	0
2020-03-10	80	48	64.0	8.0	1	0	0.00	0.0	0
2020-03-11	88	64	76.0	19.7	0	11	0.00	0.0	0
2020-03-12	85	65	75.0	18.4	0	10	0.01	0.0	0
2020-03-13	74	58	66.0	9.2	0	1	2.07	0.0	0
2020-03-14	71	52	61.5	4.4	3	0	0.12	0.0	0
2020-03-15	57	49	53.0	-4.4	12	0	0.53	0.0	0
2020-03-16	70	51	60.5	2.8	4	0	0.46	0.0	0
2020-03-17	68	59	63.5	5.6	1	0	0.11	0.0	0
2020-03-18	79	63	71.0	12.8	0	6	1.33	0.0	0
2020-03-19	83	63	73.0	14.5	0	8	0.43	0.0	0
2020-03-20	67	42	54.5	-4.2	10	0	0.08	0.0	0
2020-03-21	58	40	49.0	-10.0	16	0	0.17	0.0	0
2020-03-22	60	52	56.0	-3.3	9	0	0.10	0.0	0
2020-03-23	68	59	63.5	4.0	1	0	T	0.0	0
2020-03-24	85	62	73.5	13.7	0	9	0.00	0.0	0
2020-03-25	88	57	72.5	12.5	0	8	0.00	0.0	0
2020-03-26	86	66	76.0	15.7	0	11	0.00	0.0	0
2020-03-27	84	68	76.0	15.4	0	11	0.00	0.0	0
2020-03-28	77	55	66.0	5.2	0	1	0.06	0.0	0
2020-03-29	70	50	60.0	-1.1	5	0	0.01	0.0	0
2020-03-30	65	53	59.0	-2.3	6	0	0.33	0.0	0
2020-03-31	68	52	60.0	-1.6	5	0	T	0.0	0
2020-04-01	72	48	60.0	-1.8	5	0	0.00	0.0	0
2020-04-02	69	58	63.5	1.4	1	0	0.12	0.0	0
2020-04-03	66	40	53.0	-9.3	12	0	0.11	0.0	0
2020-04-04	48	40	44.0	-18.6	21	0	0.15	0.0	0
2020-04-05	65	47	56.0	-6.8	9	0	T	0.0	0
2020-04-06	71	59	65.0	1.9	0	0	T	0.0	0
2020-04-07	88	65	76.5	13.2	0	12	0.00	0.0	0
2020-04-08	97	71	84.0	20.4	0	19	0.00	0.0	0
2020-04-09	79	61	70.0	6.2	0	5	T	0.0	0
2020-04-10	73	54	63.5	-0.6	1	0	0.00	0.0	0
2020-04-11	70	57	63.5	-0.9	1	0	0.07	0.0	0
2020-04-12	82	46	64.0	-0.6	1	0	0.49	0.0	0
2020-04-13	56	39	47.5	-17.4	17	0	0.00	0.0	0
2020-04-14	55	42	48.5	-16.6	16	0	0.00	0.0	0
2020-04-15	65	38	51.5	-13.9	13	0	0.00	0.0	0
2020-04-16	74	46	60.0	-5.6	5	0	0.00	0.0	0