2020-01-01	53	36	44.5	10.4	20	0	0.00	0.0	0
2020-01-02	52	26	39.0	5.0	26	0	0.00	0.0	0
2020-01-03	53	29	41.0	7.0	24	0	0.24	0.0	0
2020-01-04	53	46	49.5	15.6	15	0	0.10	0.0	0
2020-01-05	57	35	46.0	12.2	19	0	0.30	0.0	0
2020-01-06	42	30	36.0	2.2	29	0	0.05	0.0	0
2020-01-07	53	28	40.5	6.7	24	0	0.00	0.0	0
2020-01-08	45	29	37.0	3.3	28	0	0.35	1.0	1
2020-01-09	44	26	35.0	1.3	30	0	0.00	0.0	0
2020-01-10	39	27	33.0	-0.7	32	0	0.00	0.0	0
2020-01-11	59	27	43.0	9.3	22	0	0.00	0.0	0
2020-01-12	64	45	54.5	20.8	10	0	0.34	0.0	0
2020-01-13	67	41	54.0	20.2	11	0	0.00	0.0	0
2020-01-14	50	39	44.5	10.7	20	0	0.10	0.0	0
2020-01-15	48	41	44.5	10.7	20	0	0.10	0.0	0
2020-01-16	59	41	50.0	16.1	15	0	0.00	0.0	0
2020-01-17	59	29	44.0	10.0	21	0	0.00	0.0	0
2020-01-18	36	26	31.0	-3.0	34	0	0.05	0.5	T
2020-01-19	42	26	34.0	-0.1	31	0	0.40	0.0	0
2020-01-20	43	22	32.5	-1.7	32	0	0.00	0.0	0
2020-01-21	33	21	27.0	-7.3	38	0	0.00	0.0	0
2020-01-22	35	20	27.5	-6.8	37	0	0.00	0.0	0
2020-01-23	42	22	32.0	-2.4	33	0	0.00	0.0	0
2020-01-24	48	25	36.5	2.0	28	0	0.00	0.0	0
2020-01-25	50	31	40.5	5.8	24	0	1.92	0.0	0
2020-01-26	49	31	40.0	5.2	25	0	0.05	0.0	0
2020-01-27	47	31	39.0	4.1	26	0	0.00	0.0	0
2020-01-28	48	38	43.0	8.0	22	0	0.00	0.0	0
2020-01-29	45	38	41.5	6.4	23	0	0.00	0.0	0
2020-01-30	45	24	34.5	-0.7	30	0	0.00	0.0	0
2020-01-31	36	26	31.0	-4.4	34	0	0.00	0.0	0
2020-02-01	44	28	36.0	0.5	29	0	0.00	0.0	0
2020-02-02	48	30	39.0	3.4	26	0	0.10	0.0	0
2020-02-03	60	38	49.0	13.2	16	0	0.02	0.0	0
2020-02-04	65	39	52.0	16.1	13	0	0.05	0.0	0
2020-02-05	66	42	54.0	17.9	11	0	0.06	0.0	0
2020-02-06	42	37	39.5	3.3	25	0	0.15	0.0	0
2020-02-07	59	39	49.0	12.6	16	0	1.27	0.0	0
2020-02-08	59	30	44.5	8.0	20	0	0.25	0.0	0
2020-02-09	45	28	36.5	-0.2	28	0	0.00	0.0	0
2020-02-10	50	29	39.5	2.7	25	0	0.10	0.0	0
2020-02-11	50	28	39.0	2.0	26	0	0.87	0.0	0
2020-02-12	56	40	48.0	10.8	17	0	1.20	0.0	0
2020-02-13	49	39	44.0	6.6	21	0	0.27	0.0	0
2020-02-14	55	36	45.5	8.0	19	0	0.10	0.0	0
2020-02-15	36	20	28.0	-9.7	37	0	0.00	0.0	0
2020-02-16	38	21	29.5	-8.4	35	0	0.00	0.0	0
2020-02-17	52	31	41.5	3.4	23	0	0.10	0.0	0
2020-02-18	55	31	43.0	4.7	22	0	0.00	0.0	0
2020-02-19	59	42	50.5	12.0	14	0	0.10	0.0	0
2020-02-20	52	29	40.5	1.8	24	0	0.00	0.0	0
2020-02-21	39	23	31.0	-7.9	34	0	0.00	0.0	0
2020-02-22	39	23	31.0	-8.1	34	0	0.00	0.0	0
2020-02-23	55	23	39.0	-0.3	26	0	0.00	0.0	0
2020-02-24	58	23	40.5	1.0	24	0	0.00	0.0	0
2020-02-25	61	31	46.0	6.2	19	0	0.10	0.0	0
2020-02-26	52	46	49.0	9.0	16	0	0.32	0.0	0
2020-02-27	52	35	43.5	3.3	21	0	0.65	0.0	0
2020-02-28	42	30	36.0	-4.5	29	0	0.01	0.0	0
2020-02-29	46	28	37.0	-3.6	28	0	0.00	0.0	0
2020-03-01	48	22	35.0	-5.7	30	0	0.00	0.0	0
2020-03-02	51	30	40.5	-0.5	24	0	0.00	0.0	0
2020-03-03	66	41	53.5	12.2	11	0	0.14	0.0	0
2020-03-04	64	42	53.0	11.5	12	0	0.06	0.0	0
2020-03-05	65	37	51.0	9.2	14	0	0.00	0.0	0
2020-03-06	55	33	44.0	1.9	21	0	0.00	0.0	0
2020-03-07	50	37	43.5	1.1	21	0	0.00	0.0	0
2020-03-08	50	29	39.5	-3.2	25	0	0.00	0.0	0
2020-03-09	61	29	45.0	2.0	20	0	0.00	0.0	0
2020-03-10	74	43	58.5	15.2	6	0	0.00	0.0	0
2020-03-11	73	42	57.5	13.9	7	0	0.00	0.0	0
2020-03-12	54	42	48.0	4.1	17	0	0.10	0.0	0
2020-03-13	60	47	53.5	9.2	11	0	2.00	0.0	0
2020-03-14	58	41	49.5	4.9	15	0	0.00	0.0	0
2020-03-15	58	39	48.5	3.6	16	0	0.25	0.0	0
2020-03-16	49	33	41.0	-4.3	24	0	0.00	0.0	0
2020-03-17	54	33	43.5	-2.1	21	0	0.02	0.0	0
2020-03-18	65	33	49.0	3.0	16	0	0.00	0.0	0
2020-03-19	50	42	46.0	-0.3	19	0	0.52	0.0	0
2020-03-20	72	50	61.0	14.3	4	0	0.05	0.0	0
2020-03-21	81	48	64.5	17.4	0	0	0.05	0.0	0
2020-03-22	69	35	52.0	4.6	13	0	0.00	0.0	0
2020-03-23	69	39	54.0	6.2	11	0	0.30	0.0	0
2020-03-24	45	39	42.0	-6.2	23	0	0.00	0.0	0
2020-03-25	54	43	48.5	0.0	16	0	0.10	0.0	0
2020-03-26	49	43	46.0	-2.9	19	0	0.27	0.0	0
2020-03-27	59	43	51.0	1.7	14	0	2.50	0.0	0
2020-03-28	67	46	56.5	6.8	8	0	0.30	0.0	0
2020-03-29	70	45	57.5	7.5	7	0	0.15	0.0	0
2020-03-30	69	50	59.5	9.1	5	0	0.00	0.0	0
2020-03-31	75	50	62.5	11.7	2	0	0.00	0.0	0
2020-04-01	54	40	47.0	-4.2	18	0	0.20	0.0	0
2020-04-02	54	40	47.0	-4.6	18	0	0.00	0.0	0
2020-04-03	61	46	53.5	1.6	11	0	0.00	0.0	0
2020-04-04	66	48	57.0	4.7	8	0	0.00	0.0	0
2020-04-05	58	44	51.0	-1.7	14	0	0.00	0.0	0
2020-04-06	M	M	M	M	M	M	M	M	M
2020-04-07	56	48	52.0	-1.4	13	0	0.00	0.0	0
2020-04-08	73	48	60.5	6.7	4	0	0.30	0.0	0
2020-04-09	77	52	64.5	10.4	0	0	1.00	0.0	0
2020-04-10	71	41	56.0	1.5	9	0	0.06	0.0	0
2020-04-11	51	35	43.0	-11.8	22	0	0.00	0.0	0
2020-04-12	62	40	51.0	-4.1	14	0	0.00	0.0	0
2020-04-13	72	40	56.0	0.5	9	0	1.90	0.0	0
2020-04-14	78	45	61.5	5.7	3	0	0.38	0.0	0
2020-04-15	57	37	47.0	-9.1	18	0	0.40	0.0	0
2020-04-16	57	37	47.0	-9.5	18	0	0.00	0.0	0