2020-01-01	50	24	37.0	6.9	28	0	0.00	0.0	T
2020-01-02	45	27	36.0	5.8	29	0	0.00	0.0	0
2020-01-03	48	19	33.5	3.2	31	0	0.00	0.0	0
2020-01-04	62	28	45.0	14.6	20	0	0.00	0.0	0
2020-01-05	45	23	34.0	3.6	31	0	0.00	0.0	0
2020-01-06	43	23	33.0	2.5	32	0	0.00	0.0	0
2020-01-07	58	27	42.5	11.9	22	0	0.00	0.0	0
2020-01-08	62	28	45.0	14.4	20	0	0.00	0.0	0
2020-01-09	43	24	33.5	2.8	31	0	T	T	0
2020-01-10	31	9	20.0	-10.7	45	0	0.00	0.0	0
2020-01-11	43	7	25.0	-5.8	40	0	T	T	0
2020-01-12	44	20	32.0	1.2	33	0	0.00	0.0	0
2020-01-13	46	15	30.5	-0.3	34	0	0.00	0.0	0
2020-01-14	58	19	38.5	7.7	26	0	0.00	0.0	0
2020-01-15	47	15	31.0	0.1	34	0	0.00	0.0	0
2020-01-16	37	18	27.5	-3.4	37	0	0.00	0.0	0
2020-01-17	55	19	37.0	6.1	28	0	0.00	0.0	0
2020-01-18	45	12	28.5	-2.4	36	0	0.00	0.0	0
2020-01-19	46	11	28.5	-2.4	36	0	0.00	0.0	0
2020-01-20	52	18	35.0	4.1	30	0	0.00	0.0	0
2020-01-21	52	30	41.0	10.2	24	0	0.00	0.0	0
2020-01-22	54	30	42.0	11.2	23	0	0.00	0.0	0
2020-01-23	42	27	34.5	3.7	30	0	0.00	0.0	0
2020-01-24	57	19	38.0	7.2	27	0	0.00	0.0	0
2020-01-25	54	30	42.0	11.2	23	0	0.00	0.0	0
2020-01-26	53	23	38.0	7.2	27	0	0.00	0.0	0
2020-01-27	41	24	32.5	1.7	32	0	0.13	0.5	0
2020-01-28	41	22	31.5	0.7	33	0	0.00	0.0	T
2020-01-29	41	24	32.5	1.7	32	0	T	T	0
2020-01-30	40	20	30.0	-0.8	35	0	0.01	0.4	0
2020-01-31	53	20	36.5	5.7	28	0	0.00	0.0	0
2020-02-01	67	34	50.5	M	14	0	0.00	0.0	0
2020-02-02	74	29	51.5	M	13	0	0.00	0.0	0
2020-02-03	30	12	21.0	M	44	0	0.07	2.5	0
2020-02-04	17	-5	6.0	M	59	0	0.05	0.3	2
2020-02-05	26	-5	10.5	M	54	0	0.00	0.0	1
2020-02-06	37	16	26.5	M	38	0	0.15	3.0	1
2020-02-07	28	19	23.5	M	41	0	0.14	2.3	3
2020-02-08	47	13	30.0	M	35	0	0.00	0.0	3
2020-02-09	33	8	20.5	M	44	0	0.09	0.9	1
2020-02-10	30	8	19.0	M	46	0	0.11	1.8	2
2020-02-11	32	3	17.5	M	47	0	T	T	4
2020-02-12	33	19	26.0	M	39	0	0.19	5.0	4
2020-02-13	26	8	17.0	M	48	0	T	T	7
2020-02-14	56	7	31.5	M	33	0	0.00	0.0	5
2020-02-15	37	17	27.0	M	38	0	0.00	0.0	3
2020-02-16	48	22	35.0	M	30	0	0.00	0.0	2
2020-02-17	37	21	29.0	M	36	0	0.01	0.1	1
2020-02-18	33	16	24.5	M	40	0	T	T	1
2020-02-19	21	13	17.0	M	48	0	0.07	0.6	T
2020-02-20	31	3	17.0	M	48	0	T	T	1
2020-02-21	46	16	31.0	M	34	0	0.00	0.0	1
2020-02-22	50	29	39.5	M	25	0	0.00	0.0	T
2020-02-23	42	29	35.5	M	29	0	T	T	T
2020-02-24	42	28	35.0	M	30	0	T	T	T
2020-02-25	30	14	22.0	M	43	0	T	T	T
2020-02-26	41	10	25.5	M	39	0	0.00	0.0	T
2020-02-27	49	27	38.0	M	27	0	0.00	0.0	0
2020-02-28	56	31	43.5	M	21	0	0.00	0.0	0
2020-02-29	58	32	45.0	M	20	0	0.00	0.0	0
2020-03-01	44	26	35.0	M	30	0	0.03	0.3	0
2020-03-02	51	17	34.0	M	31	0	0.01	0.2	0
2020-03-03	60	26	43.0	M	22	0	0.00	0.0	0
2020-03-04	65	29	47.0	M	18	0	0.00	0.0	0
2020-03-05	53	22	37.5	M	27	0	0.00	0.0	0
2020-03-06	68	27	47.5	M	17	0	0.00	0.0	0
2020-03-07	68	38	53.0	M	12	0	0.00	0.0	0
2020-03-08	68	38	53.0	M	12	0	0.30	0.0	0
2020-03-09	59	37	48.0	M	17	0	T	0.0	0
2020-03-10	63	32	47.5	M	17	0	0.00	0.0	0
2020-03-11	68	32	50.0	M	15	0	0.00	0.0	0
2020-03-12	53	34	43.5	M	21	0	0.00	0.0	0
2020-03-13	40	28	34.0	M	31	0	0.02	T	0
2020-03-14	49	28	38.5	M	26	0	0.00	0.0	0
2020-03-15	59	32	45.5	M	19	0	0.00	0.0	0
2020-03-16	59	30	44.5	M	20	0	0.00	0.0	0
2020-03-17	59	33	46.0	M	19	0	0.00	0.0	0
2020-03-18	67	32	49.5	M	15	0	0.00	0.0	0
2020-03-19	41	22	31.5	M	33	0	0.74	6.0	0
2020-03-20	30	16	23.0	M	42	0	T	T	6
2020-03-21	44	11	27.5	M	37	0	0.00	0.0	5
2020-03-22	52	31	41.5	M	23	0	0.00	0.0	3
2020-03-23	58	32	45.0	M	20	0	0.00	0.0	1
2020-03-24	63	30	46.5	M	18	0	0.00	0.0	0
2020-03-25	67	36	51.5	M	13	0	0.00	0.0	0
2020-03-26	52	32	42.0	M	23	0	0.00	0.0	0
2020-03-27	44	29	36.5	M	28	0	0.16	1.0	0
2020-03-28	51	28	39.5	M	25	0	0.00	0.0	1
2020-03-29	55	27	41.0	M	24	0	0.00	0.0	0
2020-03-30	58	33	45.5	M	19	0	0.00	0.0	0
2020-03-31	67	31	49.0	M	16	0	0.00	0.0	0
2020-04-01	69	36	52.5	8.3	12	0	0.01	0.0	0
2020-04-02	37	16	26.5	-17.9	38	0	0.05	0.8	0
2020-04-03	43	15	29.0	-15.6	36	0	T	T	1
2020-04-04	59	24	41.5	-3.2	23	0	0.00	0.0	0
2020-04-05	70	34	52.0	7.1	13	0	0.00	0.0	0
2020-04-06	73	40	56.5	11.4	8	0	0.00	0.0	0
2020-04-07	73	41	57.0	11.7	8	0	0.00	0.0	0
2020-04-08	69	35	52.0	6.5	13	0	0.00	0.0	0
2020-04-09	58	31	44.5	-1.2	20	0	0.00	0.0	0
2020-04-10	73	37	55.0	9.1	10	0	0.00	0.0	0
2020-04-11	70	34	52.0	5.9	13	0	0.00	0.0	0
2020-04-12	34	19	26.5	-19.9	38	0	0.03	0.1	T
2020-04-13	25	15	20.0	-26.6	45	0	0.08	0.9	T
2020-04-14	46	11	28.5	-18.3	36	0	0.00	0.0	0
2020-04-15	54	22	38.0	-9.0	27	0	0.02	T	0
2020-04-16	32	19	25.5	-21.8	39	0	0.25	1.9	T