2020-01-01	38	26	32.0	5.6	33	0	T	T	1
2020-01-02	48	35	41.5	15.2	23	0	0.00	0.0	0
2020-01-03	45	39	42.0	15.9	23	0	0.00	0.0	0
2020-01-04	39	30	34.5	8.5	30	0	0.01	T	0
2020-01-05	39	30	34.5	8.6	30	0	0.04	0.7	0
2020-01-06	44	30	37.0	11.2	28	0	T	T	0
2020-01-07	43	27	35.0	9.2	30	0	0.03	0.5	0
2020-01-08	33	16	24.5	-1.2	40	0	0.05	0.6	1
2020-01-09	49	16	32.5	6.9	32	0	T	0.0	1
2020-01-10	49	43	46.0	20.5	19	0	0.32	0.0	0
2020-01-11	55	33	44.0	18.5	21	0	2.06	0.0	0
2020-01-12	33	23	28.0	2.6	37	0	0.18	0.3	T
2020-01-13	38	27	32.5	7.1	32	0	0.01	0.3	T
2020-01-14	42	32	37.0	11.7	28	0	0.00	0.0	0
2020-01-15	40	28	34.0	8.7	31	0	0.03	0.0	0
2020-01-16	37	23	30.0	4.7	35	0	T	T	0
2020-01-17	27	18	22.5	-2.8	42	0	T	T	0
2020-01-18	39	24	31.5	6.3	33	0	0.82	6.8	5
2020-01-19	26	15	20.5	-4.7	44	0	0.01	0.5	4
2020-01-20	27	13	20.0	-5.2	45	0	T	T	4
2020-01-21	29	19	24.0	-1.3	41	0	T	T	4
2020-01-22	31	17	24.0	-1.3	41	0	0.00	0.0	4
2020-01-23	36	25	30.5	5.2	34	0	0.00	0.0	4
2020-01-24	39	34	36.5	11.2	28	0	0.47	0.0	3
2020-01-25	38	33	35.5	10.2	29	0	0.06	T	2
2020-01-26	36	33	34.5	9.1	30	0	0.03	T	1
2020-01-27	36	33	34.5	9.1	30	0	T	T	T
2020-01-28	36	31	33.5	8.0	31	0	T	T	T
2020-01-29	32	30	31.0	5.4	34	0	T	T	T
2020-01-30	34	29	31.5	5.9	33	0	T	T	T
2020-01-31	33	26	29.5	3.8	35	0	T	T	T
2020-02-01	35	23	29.0	3.2	36	0	0.05	0.5	T
2020-02-02	53	33	43.0	17.1	22	0	T	T	1
2020-02-03	52	31	41.5	15.5	23	0	0.00	0.0	0
2020-02-04	38	32	35.0	8.9	30	0	0.00	0.0	0
2020-02-05	32	23	27.5	1.3	37	0	0.10	1.2	0
2020-02-06	29	24	26.5	0.1	38	0	0.10	1.3	2
2020-02-07	35	27	31.0	4.5	34	0	0.02	0.9	3
2020-02-08	29	25	27.0	0.3	38	0	0.04	0.9	3
2020-02-09	35	23	29.0	2.2	36	0	0.17	1.9	2
2020-02-10	36	32	34.0	7.0	31	0	0.00	0.0	3
2020-02-11	40	27	33.5	6.4	31	0	0.00	0.0	2
2020-02-12	35	24	29.5	2.2	35	0	0.03	0.4	T
2020-02-13	33	15	24.0	-3.5	41	0	0.09	1.7	1
2020-02-14	21	4	12.5	-15.2	52	0	0.00	0.0	2
2020-02-15	34	10	22.0	-5.9	43	0	T	0.1	2
2020-02-16	42	30	36.0	7.9	29	0	0.00	0.0	1
2020-02-17	35	24	29.5	1.1	35	0	0.01	0.3	0
2020-02-18	41	28	34.5	5.9	30	0	0.02	T	T
2020-02-19	32	20	26.0	-2.8	39	0	0.00	0.0	0
2020-02-20	27	16	21.5	-7.6	43	0	0.00	0.0	0
2020-02-21	36	14	25.0	-4.4	40	0	0.00	0.0	0
2020-02-22	47	24	35.5	5.9	29	0	0.00	0.0	0
2020-02-23	54	27	40.5	10.6	24	0	0.00	0.0	0
2020-02-24	50	32	41.0	10.8	24	0	0.10	0.0	0
2020-02-25	39	31	35.0	4.5	30	0	0.12	0.7	0
2020-02-26	32	24	28.0	-2.8	37	0	0.31	4.8	2
2020-02-27	26	19	22.5	-8.6	42	0	T	T	5
2020-02-28	29	21	25.0	-6.4	40	0	T	T	5
2020-02-29	34	19	26.5	-5.0	38	0	0.00	0.0	4
2020-03-01	44	18	31.0	-0.7	34	0	0.00	0.0	3
2020-03-02	53	39	46.0	14.0	19	0	0.29	0.0	T
2020-03-03	50	31	40.5	8.2	24	0	T	0.0	0
2020-03-04	48	31	39.5	6.8	25	0	T	T	0
2020-03-05	48	25	36.5	3.5	28	0	0.03	0.0	0
2020-03-06	37	30	33.5	0.1	31	0	0.02	T	0
2020-03-07	45	22	33.5	-0.2	31	0	0.00	0.0	0
2020-03-08	61	33	47.0	12.9	18	0	0.00	0.0	0
2020-03-09	63	47	55.0	20.6	10	0	0.06	0.0	0
2020-03-10	54	35	44.5	9.7	20	0	0.13	0.0	0
2020-03-11	45	33	39.0	3.8	26	0	T	0.0	0
2020-03-12	50	38	44.0	8.5	21	0	0.00	0.0	0
2020-03-13	49	35	42.0	6.1	23	0	0.02	0.0	0
2020-03-14	37	31	34.0	-2.3	31	0	0.00	0.0	0
2020-03-15	46	29	37.5	0.8	27	0	0.00	0.0	0
2020-03-16	47	25	36.0	-1.1	29	0	T	0.0	0
2020-03-17	53	36	44.5	7.0	20	0	T	0.0	0
2020-03-18	46	32	39.0	1.1	26	0	0.50	0.0	0
2020-03-19	53	40	46.5	8.2	18	0	0.30	0.0	0
2020-03-20	65	30	47.5	8.8	17	0	0.04	0.0	0
2020-03-21	39	25	32.0	-7.1	33	0	T	T	0
2020-03-22	39	21	30.0	-9.5	35	0	0.10	1.3	0
2020-03-23	44	32	38.0	-1.9	27	0	0.09	0.4	1
2020-03-24	43	36	39.5	-0.8	25	0	0.00	0.0	0
2020-03-25	57	31	44.0	3.3	21	0	0.00	0.0	0
2020-03-26	60	41	50.5	9.4	14	0	0.23	0.0	0
2020-03-27	46	36	41.0	-0.5	24	0	0.08	0.0	0
2020-03-28	51	40	45.5	3.6	19	0	1.82	0.0	0
2020-03-29	63	46	54.5	12.2	10	0	0.12	0.0	0
2020-03-30	48	41	44.5	1.8	20	0	T	0.0	0
2020-03-31	44	39	41.5	-1.7	23	0	0.03	0.0	0
2020-04-01	50	40	45.0	1.4	20	0	T	0.0	0
2020-04-02	61	36	48.5	4.5	16	0	0.00	0.0	0
2020-04-03	65	35	50.0	5.6	15	0	0.00	0.0	0
2020-04-04	60	37	48.5	3.7	16	0	T	0.0	0
2020-04-05	58	40	49.0	3.8	16	0	0.00	0.0	0
2020-04-06	57	34	45.5	-0.1	19	0	0.00	0.0	0
2020-04-07	71	43	57.0	11.0	8	0	0.63	0.0	0
2020-04-08	72	50	61.0	14.6	4	0	0.07	0.0	0
2020-04-09	50	34	42.0	-4.8	23	0	0.05	0.1	0
2020-04-10	47	32	39.5	-7.7	25	0	0.01	0.1	T
2020-04-11	58	30	44.0	-3.6	21	0	0.00	0.0	M
2020-04-12	61	45	53.0	5.0	12	0	0.22	0.0	0
2020-04-13	55	35	45.0	-3.4	20	0	0.05	0.0	0
2020-04-14	44	29	36.5	-12.3	28	0	T	T	0
2020-04-15	40	27	33.5	-15.7	31	0	0.12	1.3	0
2020-04-16	44	25	34.5	-15.1	30	0	T	T	0