2020-01-01	35	29	32.0	5.8	33	0	T	T	T
2020-01-02	47	31	39.0	13.0	26	0	0.00	0.0	T
2020-01-03	47	40	43.5	17.6	21	0	T	0.0	0
2020-01-04	40	32	36.0	10.3	29	0	0.20	0.7	T
2020-01-05	34	30	32.0	6.4	33	0	0.26	3.2	T
2020-01-06	38	31	34.5	9.0	30	0	T	T	3
2020-01-07	37	29	33.0	7.7	32	0	T	0.1	T
2020-01-08	35	20	27.5	2.3	37	0	0.02	1.0	T
2020-01-09	44	16	30.0	4.9	35	0	T	T	1
2020-01-10	51	41	46.0	21.0	19	0	0.30	0.0	0
2020-01-11	67	40	53.5	28.6	11	0	0.49	0.0	0
2020-01-12	50	29	39.5	14.6	25	0	0.07	T	0
2020-01-13	41	30	35.5	10.7	29	0	T	0.0	0
2020-01-14	51	33	42.0	17.3	23	0	0.00	0.0	0
2020-01-15	42	36	39.0	14.4	26	0	T	0.0	0
2020-01-16	39	20	29.5	4.9	35	0	0.08	0.8	0
2020-01-17	20	14	17.0	-7.5	48	0	T	T	T
2020-01-18	41	16	28.5	4.0	36	0	0.53	3.6	T
2020-01-19	35	16	25.5	1.0	39	0	0.05	2.3	T
2020-01-20	22	11	16.5	-7.9	48	0	T	T	3
2020-01-21	30	18	24.0	-0.4	41	0	T	0.2	3
2020-01-22	32	22	27.0	2.6	38	0	0.00	0.0	3
2020-01-23	43	22	32.5	8.1	32	0	0.00	0.0	2
2020-01-24	50	32	41.0	16.6	24	0	0.17	0.0	2
2020-01-25	44	35	39.5	15.1	25	0	0.23	T	T
2020-01-26	36	33	34.5	10.1	30	0	0.29	1.1	T
2020-01-27	35	32	33.5	9.1	31	0	0.03	0.2	T
2020-01-28	34	31	32.5	8.1	32	0	T	T	T
2020-01-29	31	20	25.5	1.1	39	0	T	T	T
2020-01-30	32	17	24.5	0.0	40	0	0.00	0.0	T
2020-01-31	34	26	30.0	5.5	35	0	T	T	T
2020-02-01	33	30	31.5	6.9	33	0	0.08	0.9	0
2020-02-02	36	31	33.5	8.9	31	0	0.26	1.4	1
2020-02-03	45	36	40.5	15.8	24	0	T	0.0	T
2020-02-04	37	31	34.0	9.2	31	0	0.00	0.0	0
2020-02-05	31	25	28.0	3.2	37	0	0.07	1.0	0
2020-02-06	30	24	27.0	2.1	38	0	0.31	2.7	4
2020-02-07	26	20	23.0	-2.0	42	0	0.18	2.8	3
2020-02-08	22	14	18.0	-7.1	47	0	T	T	5
2020-02-09	36	19	27.5	2.3	37	0	0.13	2.5	6
2020-02-10	39	31	35.0	9.6	30	0	0.13	T	3
2020-02-11	35	32	33.5	8.0	31	0	T	T	2
2020-02-12	36	27	31.5	5.9	33	0	0.04	0.3	2
2020-02-13	33	15	24.0	-1.8	41	0	0.22	2.7	3
2020-02-14	15	2	8.5	-17.4	56	0	T	0.2	5
2020-02-15	37	5	21.0	-5.1	44	0	T	T	5
2020-02-16	36	31	33.5	7.3	31	0	T	0.1	4
2020-02-17	36	28	32.0	5.6	33	0	0.00	0.0	3
2020-02-18	44	31	37.5	10.9	27	0	0.20	0.5	2
2020-02-19	34	22	28.0	1.2	37	0	T	T	T
2020-02-20	26	18	22.0	-5.0	43	0	T	T	T
2020-02-21	32	17	24.5	-2.7	40	0	0.00	0.0	T
2020-02-22	39	31	35.0	7.6	30	0	0.00	0.0	T
2020-02-23	47	30	38.5	10.9	26	0	0.00	0.0	0
2020-02-24	47	37	42.0	14.1	23	0	0.00	0.0	0
2020-02-25	40	35	37.5	9.4	27	0	0.06	T	0
2020-02-26	36	33	34.5	6.2	30	0	0.56	0.5	T
2020-02-27	33	23	28.0	-0.6	37	0	0.18	3.2	2
2020-02-28	25	21	23.0	-5.8	42	0	T	T	3
2020-02-29	24	14	19.0	-10.0	46	0	0.08	1.8	4
2020-03-01	42	13	27.5	-1.6	37	0	0.00	0.0	4
2020-03-02	49	40	44.5	15.1	20	0	0.45	0.0	1
2020-03-03	53	37	45.0	15.3	20	0	0.24	0.0	0
2020-03-04	39	33	36.0	6.1	29	0	T	T	0
2020-03-05	45	31	38.0	7.8	27	0	0.00	0.0	0
2020-03-06	37	31	34.0	3.5	31	0	0.18	2.1	0
2020-03-07	34	24	29.0	-1.8	36	0	T	T	1
2020-03-08	53	28	40.5	9.4	24	0	0.00	0.0	0
2020-03-09	61	48	54.5	23.0	10	0	T	0.0	0
2020-03-10	60	33	46.5	14.7	18	0	0.44	0.0	0
2020-03-11	45	29	37.0	4.9	28	0	T	T	0
2020-03-12	55	36	45.5	13.1	19	0	T	0.0	0
2020-03-13	55	37	46.0	13.2	19	0	0.23	0.0	0
2020-03-14	37	31	34.0	0.9	31	0	0.00	0.0	0
2020-03-15	39	26	32.5	-1.0	32	0	0.00	0.0	0
2020-03-16	53	25	39.0	5.2	26	0	T	0.0	0
2020-03-17	43	36	39.5	5.3	25	0	T	0.0	0
2020-03-18	51	30	40.5	6.0	24	0	0.14	0.0	0
2020-03-19	56	36	46.0	11.1	19	0	0.12	0.0	0
2020-03-20	66	30	48.0	12.7	17	0	0.21	0.0	0
2020-03-21	34	24	29.0	-6.6	36	0	T	T	0
2020-03-22	40	22	31.0	-5.0	34	0	0.00	0.0	0
2020-03-23	43	35	39.0	2.6	26	0	0.22	T	0
2020-03-24	44	37	40.5	3.7	24	0	0.00	0.0	0
2020-03-25	56	34	45.0	7.8	20	0	0.00	0.0	0
2020-03-26	62	39	50.5	12.9	14	0	0.02	0.0	0
2020-03-27	55	39	47.0	9.0	18	0	0.00	0.0	0
2020-03-28	51	41	46.0	7.6	19	0	0.45	0.0	0
2020-03-29	74	46	60.0	21.2	5	0	0.36	0.0	0
2020-03-30	49	40	44.5	5.3	20	0	0.13	0.0	0
2020-03-31	47	40	43.5	3.9	21	0	0.01	0.0	0
2020-04-01	50	34	42.0	2.0	23	0	0.00	0.0	0
2020-04-02	56	37	46.5	6.1	18	0	0.00	0.0	0
2020-04-03	47	37	42.0	1.2	23	0	0.06	0.0	0
2020-04-04	57	41	49.0	7.8	16	0	0.02	0.0	0
2020-04-05	53	37	45.0	3.4	20	0	0.02	0.0	0
2020-04-06	52	31	41.5	-0.5	23	0	0.00	0.0	0
2020-04-07	64	40	52.0	9.5	13	0	0.29	0.0	0
2020-04-08	51	41	46.0	3.1	19	0	0.00	0.0	0
2020-04-09	47	33	40.0	-3.3	25	0	0.24	0.5	0
2020-04-10	43	33	38.0	-5.7	27	0	0.01	0.4	T
2020-04-11	44	31	37.5	-6.6	27	0	0.00	0.0	0
2020-04-12	66	37	51.5	7.0	13	0	T	0.0	0
2020-04-13	64	41	52.5	7.6	12	0	0.81	0.0	0
2020-04-14	42	33	37.5	-7.9	27	0	T	T	0
2020-04-15	41	29	35.0	-10.8	30	0	0.18	1.7	0
2020-04-16	37	25	31.0	-15.2	34	0	0.02	0.6	1