2020-01-01	57	36	46.5	3.5	18	0	0.00	0.0	0
2020-01-02	50	46	48.0	5.1	17	0	0.92	0.0	0
2020-01-03	63	50	56.5	13.6	8	0	0.97	0.0	0
2020-01-04	59	37	48.0	5.1	17	0	0.14	0.0	0
2020-01-05	55	32	43.5	0.6	21	0	0.00	0.0	0
2020-01-06	63	38	50.5	7.6	14	0	0.00	0.0	0
2020-01-07	57	43	50.0	7.2	15	0	0.02	0.0	0
2020-01-08	61	36	48.5	5.7	16	0	0.00	0.0	0
2020-01-09	64	37	50.5	7.6	14	0	0.00	0.0	0
2020-01-10	66	50	58.0	15.1	7	0	0.00	0.0	0
2020-01-11	70	60	65.0	22.1	0	0	1.28	0.0	0
2020-01-12	69	49	59.0	16.1	6	0	T	0.0	0
2020-01-13	66	59	62.5	19.6	2	0	1.91	0.0	0
2020-01-14	65	60	62.5	19.5	2	0	0.66	0.0	0
2020-01-15	72	56	64.0	21.0	1	0	T	0.0	0
2020-01-16	65	50	57.5	14.4	7	0	0.61	0.0	0
2020-01-17	56	45	50.5	7.4	14	0	0.00	0.0	0
2020-01-18	54	43	48.5	5.3	16	0	0.54	0.0	0
2020-01-19	56	32	44.0	0.7	21	0	0.01	0.0	0
2020-01-20	38	25	31.5	-11.8	33	0	0.00	0.0	0
2020-01-21	41	23	32.0	-11.4	33	0	0.00	0.0	0
2020-01-22	50	24	37.0	-6.5	28	0	0.00	0.0	0
2020-01-23	48	38	43.0	-0.6	22	0	0.21	0.0	0
2020-01-24	59	41	50.0	6.3	15	0	0.66	0.0	0
2020-01-25	46	37	41.5	-2.3	23	0	0.00	0.0	0
2020-01-26	51	33	42.0	-1.9	23	0	0.00	0.0	0
2020-01-27	53	42	47.5	3.5	17	0	T	0.0	0
2020-01-28	59	37	48.0	3.9	17	0	0.00	0.0	0
2020-01-29	52	42	47.0	2.8	18	0	0.00	0.0	0
2020-01-30	59	40	49.5	5.2	15	0	0.00	0.0	0
2020-01-31	45	40	42.5	-2.0	22	0	0.08	0.0	0
2020-02-01	52	40	46.0	1.4	19	0	0.00	0.0	0
2020-02-02	66	35	50.5	5.8	14	0	0.00	0.0	0
2020-02-03	76	42	59.0	14.1	6	0	0.00	0.0	0
2020-02-04	69	57	63.0	18.0	2	0	T	0.0	0
2020-02-05	67	61	64.0	18.8	1	0	0.56	0.0	0
2020-02-06	72	50	61.0	15.6	4	0	2.30	0.0	0
2020-02-07	50	34	42.0	-3.5	23	0	T	T	0
2020-02-08	45	31	38.0	-7.7	27	0	0.12	T	0
2020-02-09	56	34	45.0	-0.9	20	0	0.00	0.0	0
2020-02-10	55	39	47.0	0.9	18	0	1.48	0.0	0
2020-02-11	70	54	62.0	15.7	3	0	0.34	0.0	0
2020-02-12	73	52	62.5	16.0	2	0	0.00	0.0	0
2020-02-13	70	41	55.5	8.8	9	0	0.91	0.0	0
2020-02-14	52	34	43.0	-3.9	22	0	0.00	0.0	0
2020-02-15	56	32	44.0	-3.1	21	0	0.00	0.0	0
2020-02-16	47	42	44.5	-2.8	20	0	0.29	0.0	0
2020-02-17	53	44	48.5	0.9	16	0	T	0.0	0
2020-02-18	62	51	56.5	8.7	8	0	2.41	0.0	0
2020-02-19	60	50	55.0	7.0	10	0	0.09	0.0	0
2020-02-20	50	39	44.5	-3.7	20	0	0.94	0.0	0
2020-02-21	48	34	41.0	-7.5	24	0	0.01	0.0	0
2020-02-22	56	30	43.0	-5.7	22	0	0.00	0.0	0
2020-02-23	57	37	47.0	-2.0	18	0	T	M	0
2020-02-24	50	45	47.5	-1.7	17	0	1.10	0.0	0
2020-02-25	69	49	59.0	9.5	6	0	0.03	0.0	0
2020-02-26	55	39	47.0	-2.7	18	0	T	0.0	0
2020-02-27	49	33	41.0	-9.0	24	0	0.00	0.0	0
2020-02-28	54	32	43.0	-7.2	22	0	0.00	0.0	0
2020-02-29	56	36	46.0	-4.4	19	0	0.00	0.0	0
2020-03-01	64	34	49.0	-1.5	16	0	0.00	0.0	0
2020-03-02	57	47	52.0	1.2	13	0	0.95	0.0	0
2020-03-03	69	57	63.0	12.0	2	0	0.49	0.0	0
2020-03-04	62	53	57.5	6.2	7	0	1.02	0.0	0
2020-03-05	53	50	51.5	0.0	13	0	1.57	0.0	0
2020-03-06	58	41	49.5	-2.3	15	0	0.00	0.0	0
2020-03-07	59	33	46.0	-6.1	19	0	0.00	0.0	0
2020-03-08	62	38	50.0	-2.3	15	0	0.00	0.0	0
2020-03-09	67	43	55.0	2.4	10	0	0.00	0.0	0
2020-03-10	66	55	60.5	7.7	4	0	0.05	0.0	0
2020-03-11	72	55	63.5	10.4	1	0	0.23	0.0	0
2020-03-12	76	60	68.0	14.6	0	3	0.04	0.0	0
2020-03-13	71	62	66.5	12.9	0	2	T	0.0	0
2020-03-14	81	57	69.0	15.1	0	4	0.00	0.0	0
2020-03-15	71	57	64.0	9.9	1	0	0.03	0.0	0
2020-03-16	58	52	55.0	0.6	10	0	T	0.0	0
2020-03-17	68	51	59.5	4.9	5	0	T	0.0	0
2020-03-18	78	56	67.0	12.1	0	2	T	0.0	0
2020-03-19	81	59	70.0	14.9	0	5	0.00	0.0	0
2020-03-20	83	62	72.5	17.1	0	8	0.01	0.0	0
2020-03-21	74	52	63.0	7.4	2	0	0.09	0.0	0
2020-03-22	63	47	55.0	-0.9	10	0	0.03	0.0	0
2020-03-23	64	51	57.5	1.4	7	0	1.45	0.0	0
2020-03-24	78	60	69.0	12.6	0	4	0.57	0.0	0
2020-03-25	73	58	65.5	8.9	0	1	0.58	0.0	0
2020-03-26	80	52	66.0	9.1	0	1	0.00	0.0	0
2020-03-27	85	60	72.5	15.4	0	8	0.00	0.0	0
2020-03-28	84	66	75.0	17.6	0	10	0.00	0.0	0
2020-03-29	79	66	72.5	14.9	0	8	T	0.0	0
2020-03-30	75	60	67.5	9.7	0	3	0.00	0.0	0
2020-03-31	64	49	56.5	-1.6	8	0	0.34	0.0	0
2020-04-01	61	42	51.5	-6.8	13	0	0.00	0.0	0
2020-04-02	69	40	54.5	-4.1	10	0	0.00	0.0	0
2020-04-03	78	48	63.0	4.2	2	0	0.00	0.0	0
2020-04-04	78	56	67.0	7.9	0	2	0.00	0.0	0
2020-04-05	80	59	69.5	10.2	0	5	0.00	0.0	0
2020-04-06	83	58	70.5	10.9	0	6	0.00	0.0	0
2020-04-07	78	62	70.0	10.2	0	5	T	0.0	0
2020-04-08	81	62	71.5	11.4	0	7	0.01	0.0	0
2020-04-09	78	62	70.0	9.7	0	5	0.19	0.0	0
2020-04-10	62	45	53.5	-7.1	11	0	0.00	0.0	0
2020-04-11	71	40	55.5	-5.3	9	0	0.00	0.0	0
2020-04-12	75	50	62.5	1.4	2	0	0.18	0.0	0
2020-04-13	74	55	64.5	3.2	0	0	0.72	0.0	0
2020-04-14	72	47	59.5	-2.1	5	0	0.00	0.0	0
2020-04-15	62	41	51.5	-10.3	13	0	0.00	0.0	0
2020-04-16	69	42	55.5	-6.6	9	0	0.00	0.0	0