2020-01-01	70	49	59.5	1.9	5	0	0.00	M	M
2020-01-02	70	50	60.0	2.4	5	0	0.00	M	M
2020-01-03	76	51	63.5	5.9	1	0	0.00	M	M
2020-01-04	72	48	60.0	2.3	5	0	0.00	M	M
2020-01-05	71	48	59.5	1.8	5	0	0.00	M	M
2020-01-06	79	48	63.5	5.7	1	0	0.00	M	M
2020-01-07	79	56	67.5	9.7	0	3	0.00	M	M
2020-01-08	66	53	59.5	1.7	5	0	0.00	M	M
2020-01-09	64	51	57.5	-0.4	7	0	T	M	M
2020-01-10	67	47	57.0	-0.9	8	0	0.00	M	M
2020-01-11	65	46	55.5	-2.4	9	0	0.00	M	M
2020-01-12	65	49	57.0	-1.0	8	0	0.00	M	M
2020-01-13	65	49	57.0	-1.0	8	0	0.00	0.0	0
2020-01-14	65	48	56.5	-1.5	8	0	0.00	0.0	0
2020-01-15	67	47	57.0	-1.0	8	0	0.00	0.0	0
2020-01-16	63	50	56.5	-1.6	8	0	0.15	0.0	0
2020-01-17	65	49	57.0	-1.1	8	0	0.15	M	0
2020-01-18	73	49	61.0	2.9	4	0	0.00	0.0	0
2020-01-19	77	54	65.5	7.4	0	1	0.00	0.0	0
2020-01-20	65	56	60.5	2.4	4	0	0.00	0.0	0
2020-01-21	65	54	59.5	1.4	5	0	0.02	0.0	0
2020-01-22	67	52	59.5	1.3	5	0	0.00	0.0	0
2020-01-23	76	51	63.5	5.3	1	0	0.00	0.0	0
2020-01-24	75	52	63.5	5.3	1	0	0.00	0.0	0
2020-01-25	72	53	62.5	4.3	2	0	0.00	0.0	0
2020-01-26	63	56	59.5	1.3	5	0	0.00	0.0	0
2020-01-27	73	53	63.0	4.8	2	0	0.00	0.0	0
2020-01-28	77	55	66.0	7.8	0	1	0.00	0.0	0
2020-01-29	78	57	67.5	9.2	0	3	0.00	0.0	0
2020-01-30	76	52	64.0	5.7	1	0	0.00	0.0	0
2020-01-31	83	51	67.0	8.7	0	2	0.00	0.0	0
2020-02-01	86	55	70.5	12.2	0	6	0.00	0.0	0
2020-02-02	72	55	63.5	5.1	1	0	0.00	0.0	0
2020-02-03	63	48	55.5	-2.9	9	0	0.00	M	0
2020-02-04	62	42	52.0	-6.4	13	0	0.00	0.0	0
2020-02-05	64	44	54.0	-4.4	11	0	0.00	0.0	0
2020-02-06	67	47	57.0	-1.5	8	0	0.00	0.0	0
2020-02-07	69	48	58.5	0.0	6	0	0.00	0.0	0
2020-02-08	70	51	60.5	1.9	4	0	0.00	0.0	0
2020-02-09	63	54	58.5	-0.1	6	0	T	0.0	0
2020-02-10	76	52	64.0	5.3	1	0	0.00	0.0	0
2020-02-11	74	52	63.0	4.3	2	0	0.00	0.0	0
2020-02-12	69	50	59.5	0.7	5	0	0.00	0.0	0
2020-02-13	71	50	60.5	1.7	4	0	0.00	0.0	0
2020-02-14	71	49	60.0	1.1	5	0	0.00	0.0	0
2020-02-15	70	49	59.5	0.6	5	0	0.00	0.0	0
2020-02-16	72	51	61.5	2.5	3	0	0.00	0.0	0
2020-02-17	70	51	60.5	1.5	4	0	0.00	0.0	0
2020-02-18	72	56	64.0	4.9	1	0	0.00	0.0	0
2020-02-19	70	57	63.5	4.3	1	0	0.00	0.0	0
2020-02-20	81	52	66.5	7.3	0	2	0.00	0.0	0
2020-02-21	80	58	69.0	9.7	0	4	0.00	0.0	0
2020-02-22	66	59	62.5	3.1	2	0	0.04	0.0	0
2020-02-23	68	53	60.5	1.1	4	0	0.00	0.0	0
2020-02-24	71	52	61.5	2.0	3	0	0.00	0.0	0
2020-02-25	83	52	67.5	7.9	0	3	0.00	0.0	0
2020-02-26	81	53	67.0	7.4	0	2	0.00	0.0	0
2020-02-27	86	57	71.5	11.8	0	7	0.00	0.0	0
2020-02-28	88	64	76.0	16.2	0	11	0.00	0.0	0
2020-02-29	73	60	66.5	6.7	0	2	0.00	0.0	0
2020-03-01	63	54	58.5	-1.3	6	0	0.01	0.0	0
2020-03-02	74	50	62.0	2.1	3	0	T	0.0	0
2020-03-03	82	56	69.0	9.1	0	4	0.00	0.0	0
2020-03-04	75	58	66.5	6.5	0	2	0.00	0.0	0
2020-03-05	75	58	66.5	6.5	0	2	0.00	0.0	0
2020-03-06	72	57	64.5	4.4	0	0	0.00	0.0	0
2020-03-07	67	57	62.0	1.8	3	0	T	0.0	0
2020-03-08	67	52	59.5	-0.7	5	0	0.01	0.0	M
2020-03-09	75	53	64.0	3.7	1	0	0.04	0.0	0
2020-03-10	67	59	63.0	2.7	2	0	0.25	0.0	0
2020-03-11	73	60	66.5	6.1	0	2	0.00	0.0	0
2020-03-12	64	56	60.0	-0.4	5	0	1.30	0.0	0
2020-03-13	60	55	57.5	-2.9	7	0	0.50	0.0	0
2020-03-14	61	57	59.0	-1.5	6	0	0.26	0.0	0
2020-03-15	65	54	59.5	-1.0	5	0	0.05	0.0	0
2020-03-16	65	52	58.5	-2.1	6	0	0.38	0.0	0
2020-03-17	63	47	55.0	-5.6	10	0	T	M	0
2020-03-18	65	48	56.5	-4.2	8	0	0.00	0.0	0
2020-03-19	64	51	57.5	-3.2	7	0	T	0.0	0
2020-03-20	66	54	60.0	-0.8	5	0	T	0.0	0
2020-03-21	69	55	62.0	1.2	3	0	0.01	0.0	0
2020-03-22	74	53	63.5	2.6	1	0	1.51	0.0	0
2020-03-23	67	55	61.0	0.1	4	0	0.03	0.0	0
2020-03-24	66	52	59.0	-2.0	6	0	T	0.0	0
2020-03-25	66	54	60.0	-1.0	5	0	0.00	0.0	0
2020-03-26	64	49	56.5	-4.6	8	0	0.00	0.0	0
2020-03-27	67	50	58.5	-2.7	6	0	0.00	0.0	0
2020-03-28	68	54	61.0	-0.2	4	0	0.00	0.0	0
2020-03-29	69	54	61.5	0.2	3	0	0.00	0.0	0
2020-03-30	75	54	64.5	3.1	0	0	0.00	0.0	0
2020-03-31	78	56	67.0	5.5	0	2	0.00	0.0	0
2020-04-01	69	57	63.0	4.2	2	0	0.00	0.0	0
2020-04-02	69	59	64.0	5.2	1	0	0.00	0.0	0
2020-04-03	67	54	60.5	1.6	4	0	0.00	0.0	0
2020-04-04	67	55	61.0	2.0	4	0	0.00	0.0	0
2020-04-05	65	57	61.0	1.9	4	0	0.06	0.0	0
2020-04-06	62	56	59.0	-0.1	6	0	1.22	0.0	0
2020-04-07	66	53	59.5	0.3	5	0	0.26	0.0	0
2020-04-08	62	51	56.5	-2.8	8	0	0.01	0.0	0
2020-04-09	57	51	54.0	-5.4	11	0	0.88	0.0	0
2020-04-10	67	52	59.5	0.0	5	0	0.23	0.0	0
2020-04-11	68	51	59.5	-0.1	5	0	0.00	0.0	0
2020-04-12	62	59	60.5	0.8	4	0	0.02	0.0	0
2020-04-13	65	57	61.0	1.2	4	0	T	0.0	0
2020-04-14	67	55	61.0	1.1	4	0	0.00	0.0	0
2020-04-15	79	55	67.0	7.0	0	2	0.00	0.0	0
2020-04-16	70	55	62.5	2.4	2	0	0.00	0.0	0