2020-01-01	80	59	69.5	0.6	0	5	0.00	M	M
2020-01-02	79	62	70.5	1.7	0	6	0.00	M	M
2020-01-03	83	75	79.0	10.2	0	14	0.00	M	M
2020-01-04	87	67	77.0	8.3	0	12	0.13	M	M
2020-01-05	69	55	62.0	-6.7	3	0	0.00	M	M
2020-01-06	73	53	63.0	-5.6	2	0	0.00	M	M
2020-01-07	78	59	68.5	-0.1	0	4	0.00	M	M
2020-01-08	76	57	66.5	-2.1	0	2	0.00	M	M
2020-01-09	78	70	74.0	5.4	0	9	T	M	M
2020-01-10	80	73	76.5	7.9	0	12	T	M	M
2020-01-11	82	74	78.0	9.4	0	13	0.04	M	M
2020-01-12	80	75	77.5	8.9	0	13	0.03	M	M
2020-01-13	81	73	77.0	8.4	0	12	T	M	M
2020-01-14	81	73	77.0	8.4	0	12	T	M	M
2020-01-15	79	69	74.0	5.3	0	9	0.00	M	M
2020-01-16	81	68	74.5	5.8	0	10	0.00	M	M
2020-01-17	79	69	74.0	5.2	0	9	0.15	M	M
2020-01-18	78	70	74.0	5.2	0	9	0.00	0.0	0
2020-01-19	81	70	75.5	6.6	0	11	0.00	0.0	0
2020-01-20	76	57	66.5	-2.4	0	2	0.00	0.0	0
2020-01-21	66	45	55.5	-13.5	9	0	0.00	0.0	0
2020-01-22	62	39	50.5	-18.6	14	0	0.02	M	0
2020-01-23	77	55	66.0	-3.2	0	1	0.93	0.0	0
2020-01-24	77	64	70.5	1.3	0	6	0.20	0.0	0
2020-01-25	77	61	69.0	-0.3	0	4	0.00	0.0	0
2020-01-26	74	52	63.0	-6.4	2	0	0.00	0.0	0
2020-01-27	76	58	67.0	-2.5	0	2	0.00	0.0	0
2020-01-28	78	61	69.5	-0.1	0	5	0.00	0.0	0
2020-01-29	81	61	71.0	1.3	0	6	T	0.0	0
2020-01-30	77	65	71.0	1.3	0	6	T	0.0	0
2020-01-31	79	62	70.5	0.7	0	6	0.32	0.0	0
2020-02-01	75	62	68.5	-1.4	0	4	1.58	0.0	0
2020-02-02	66	53	59.5	-10.5	5	0	0.00	0.0	0
2020-02-03	73	50	61.5	-8.6	3	0	0.00	0.0	0
2020-02-04	78	58	68.0	-2.2	0	3	0.00	0.0	0
2020-02-05	80	66	73.0	2.8	0	8	0.00	0.0	0
2020-02-06	84	75	79.5	9.2	0	15	0.00	0.0	0
2020-02-07	79	62	70.5	0.1	0	6	0.42	0.0	0
2020-02-08	77	57	67.0	-3.5	0	2	0.00	0.0	0
2020-02-09	79	70	74.5	4.0	0	10	0.00	0.0	0
2020-02-10	82	72	77.0	6.4	0	12	T	0.0	0
2020-02-11	82	74	78.0	7.3	0	13	T	0.0	0
2020-02-12	83	74	78.5	7.7	0	14	T	0.0	0
2020-02-13	84	76	80.0	9.2	0	15	0.00	0.0	0
2020-02-14	85	71	78.0	7.1	0	13	0.03	0.0	0
2020-02-15	77	67	72.0	1.1	0	7	0.79	0.0	0
2020-02-16	79	69	74.0	3.0	0	9	0.21	0.0	0
2020-02-17	83	67	75.0	4.0	0	10	0.00	0.0	0
2020-02-18	82	75	78.5	7.4	0	14	T	0.0	0
2020-02-19	83	75	79.0	7.8	0	14	T	0.0	0
2020-02-20	84	74	79.0	7.8	0	14	0.04	0.0	0
2020-02-21	79	57	68.0	-3.3	0	3	0.04	0.0	0
2020-02-22	75	55	65.0	-6.3	0	0	0.28	0.0	0
2020-02-23	76	62	69.0	-2.4	0	4	0.02	0.0	0
2020-02-24	78	67	72.5	1.1	0	8	0.00	0.0	0
2020-02-25	82	71	76.5	5.0	0	12	0.00	0.0	0
2020-02-26	85	65	75.0	3.5	0	10	0.04	0.0	0
2020-02-27	67	54	60.5	-11.1	4	0	T	0.0	0
2020-02-28	67	49	58.0	-13.6	7	0	0.00	0.0	0
2020-02-29	70	50	60.0	-11.6	5	0	0.00	0.0	0
2020-03-01	75	52	63.5	-8.2	1	0	0.00	0.0	0
2020-03-02	78	67	72.5	0.8	0	8	0.00	0.0	0
2020-03-03	81	70	75.5	3.7	0	11	0.00	0.0	0
2020-03-04	84	69	76.5	4.6	0	12	0.00	0.0	0
2020-03-05	88	75	81.5	9.6	0	17	0.00	0.0	0
2020-03-06	82	66	74.0	2.0	0	9	0.06	0.0	0
2020-03-07	74	58	66.0	-6.0	0	1	0.00	0.0	0
2020-03-08	74	66	70.0	-2.1	0	5	T	0.0	0
2020-03-09	77	65	71.0	-1.2	0	6	0.03	0.0	0
2020-03-10	80	69	74.5	2.2	0	10	0.04	0.0	0
2020-03-11	81	69	75.0	2.6	0	10	0.01	0.0	0
2020-03-12	81	66	73.5	1.1	0	9	0.06	0.0	0
2020-03-13	82	71	76.5	4.0	0	12	0.00	0.0	0
2020-03-14	82	74	78.0	5.4	0	13	T	0.0	0
2020-03-15	82	73	77.5	4.8	0	13	0.00	0.0	0
2020-03-16	82	72	77.0	4.2	0	12	0.00	0.0	0
2020-03-17	82	74	78.0	5.1	0	13	T	0.0	0
2020-03-18	82	73	77.5	4.5	0	13	0.00	0.0	0
2020-03-19	83	74	78.5	5.4	0	14	0.00	0.0	0
2020-03-20	83	75	79.0	5.8	0	14	T	0.0	0
2020-03-21	83	74	78.5	5.2	0	14	0.00	0.0	0
2020-03-22	83	73	78.0	4.6	0	13	0.00	0.0	0
2020-03-23	83	73	78.0	4.5	0	13	T	0.0	0
2020-03-24	84	74	79.0	5.4	0	14	0.00	0.0	0
2020-03-25	90	70	80.0	6.2	0	15	T	0.0	0
2020-03-26	86	71	78.5	4.6	0	14	0.00	0.0	0
2020-03-27	84	70	77.0	3.0	0	12	0.00	0.0	0
2020-03-28	82	72	77.0	2.9	0	12	0.00	0.0	0
2020-03-29	85	75	80.0	5.8	0	15	0.00	0.0	0
2020-03-30	85	74	79.5	5.2	0	15	0.00	0.0	0
2020-03-31	91	73	82.0	7.6	0	17	0.00	0.0	0
2020-04-01	84	69	76.5	1.9	0	12	0.05	0.0	0
2020-04-02	80	63	71.5	-3.2	0	7	0.00	0.0	0
2020-04-03	81	66	73.5	-1.3	0	9	0.00	0.0	0
2020-04-04	83	70	76.5	1.6	0	12	0.00	0.0	0
2020-04-05	82	71	76.5	1.5	0	12	0.05	0.0	0
2020-04-06	83	72	77.5	2.4	0	13	0.72	0.0	0
2020-04-07	84	75	79.5	4.3	0	15	0.00	0.0	0
2020-04-08	87	75	81.0	5.6	0	16	0.00	0.0	0
2020-04-09	93	73	83.0	7.5	0	18	0.00	0.0	0
2020-04-10	94	74	84.0	8.4	0	19	0.00	0.0	0
2020-04-11	83	76	79.5	3.8	0	15	0.19	0.0	0
2020-04-12	86	78	82.0	6.2	0	17	T	0.0	0
2020-04-13	88	80	84.0	8.1	0	19	0.00	0.0	0
2020-04-14	90	78	84.0	8.0	0	19	0.00	0.0	0
2020-04-15	91	79	85.0	8.9	0	20	0.00	0.0	0
2020-04-16	91	76	83.5	7.3	0	19	0.12	0.0	0