2020-01-01	60	40	50.0	-5.0	15	0	0.00	M	M
2020-01-02	64	41	52.5	-2.6	12	0	T	M	M
2020-01-03	64	41	52.5	-2.7	12	0	0.00	M	M
2020-01-04	68	41	54.5	-0.8	10	0	0.00	M	M
2020-01-05	70	42	56.0	0.7	9	0	0.00	M	M
2020-01-06	71	41	56.0	0.6	9	0	0.00	M	M
2020-01-07	73	43	58.0	2.5	7	0	0.00	M	M
2020-01-08	68	45	56.5	0.9	8	0	0.00	M	M
2020-01-09	64	46	55.0	-0.7	10	0	0.00	M	M
2020-01-10	64	43	53.5	-2.3	11	0	0.00	M	M
2020-01-11	63	40	51.5	-4.4	13	0	0.00	M	M
2020-01-12	65	38	51.5	-4.5	13	0	0.00	M	M
2020-01-13	69	41	55.0	-1.1	10	0	0.00	M	M
2020-01-14	70	42	56.0	-0.2	9	0	0.00	M	M
2020-01-15	69	47	58.0	1.7	7	0	0.00	0.0	0
2020-01-16	66	51	58.5	2.1	6	0	0.00	0.0	0
2020-01-17	65	45	55.0	-1.5	10	0	0.00	0.0	0
2020-01-18	70	42	56.0	-0.6	9	0	0.00	0.0	0
2020-01-19	76	44	60.0	3.3	5	0	0.00	0.0	0
2020-01-20	74	55	64.5	7.7	0	0	0.00	0.0	0
2020-01-21	64	53	58.5	1.6	6	0	0.19	0.0	0
2020-01-22	64	51	57.5	0.5	7	0	0.00	0.0	0
2020-01-23	71	47	59.0	1.9	6	0	0.00	0.0	0
2020-01-24	73	48	60.5	3.3	4	0	0.00	0.0	0
2020-01-25	73	48	60.5	3.3	4	0	0.00	0.0	0
2020-01-26	73	49	61.0	3.7	4	0	0.00	0.0	0
2020-01-27	74	51	62.5	5.1	2	0	0.00	0.0	0
2020-01-28	72	46	59.0	1.5	6	0	0.00	0.0	0
2020-01-29	67	47	57.0	-0.6	8	0	0.00	0.0	0
2020-01-30	70	45	57.5	-0.2	7	0	0.00	0.0	M
2020-01-31	73	44	58.5	0.7	6	0	0.00	0.0	M
2020-02-01	78	46	62.0	4.1	3	0	0.00	0.0	0
2020-02-02	79	49	64.0	6.0	1	0	0.00	0.0	0
2020-02-03	65	45	55.0	-3.1	10	0	0.00	0.0	0
2020-02-04	55	35	45.0	-13.2	20	0	0.00	0.0	0
2020-02-05	55	35	45.0	-13.3	20	0	0.00	0.0	0
2020-02-06	61	36	48.5	-9.9	16	0	0.00	0.0	0
2020-02-07	67	41	54.0	-4.6	11	0	0.00	0.0	0
2020-02-08	72	44	58.0	-0.7	7	0	0.00	0.0	0
2020-02-09	76	47	61.5	2.7	3	0	0.00	0.0	0
2020-02-10	72	52	62.0	3.1	3	0	0.06	0.0	0
2020-02-11	60	47	53.5	-5.6	11	0	0.24	0.0	0
2020-02-12	64	43	53.5	-5.7	11	0	0.00	0.0	0
2020-02-13	68	43	55.5	-3.8	9	0	0.00	0.0	0
2020-02-14	72	48	60.0	0.5	5	0	0.00	0.0	0
2020-02-15	73	46	59.5	-0.1	5	0	0.00	0.0	0
2020-02-16	74	46	60.0	0.2	5	0	0.00	0.0	0
2020-02-17	76	49	62.5	2.5	2	0	0.00	0.0	0
2020-02-18	79	51	65.0	4.9	0	0	0.00	0.0	0
2020-02-19	79	53	66.0	5.7	0	1	0.00	0.0	0
2020-02-20	82	51	66.5	6.0	0	2	0.00	0.0	0
2020-02-21	77	62	69.5	8.9	0	5	0.00	0.0	0
2020-02-22	69	56	62.5	1.7	2	0	1.04	0.0	0
2020-02-23	64	49	56.5	-4.5	8	0	T	0.0	0
2020-02-24	71	49	60.0	-1.2	5	0	0.00	0.0	0
2020-02-25	68	47	57.5	-3.9	7	0	0.00	0.0	0
2020-02-26	67	46	56.5	-5.1	8	0	0.00	0.0	M
2020-02-27	77	45	61.0	-0.8	4	0	0.00	0.0	M
2020-02-28	77	51	64.0	2.1	1	0	0.00	0.0	M
2020-02-29	79	51	65.0	3.0	0	0	0.00	0.0	0
2020-03-01	77	53	65.0	2.9	0	0	0.00	0.0	0
2020-03-02	70	50	60.0	-2.3	5	0	0.00	0.0	0
2020-03-03	76	52	64.0	1.5	1	0	T	0.0	0
2020-03-04	75	51	63.0	0.3	2	0	0.00	0.0	0
2020-03-05	84	54	69.0	6.1	0	4	0.00	0.0	0
2020-03-06	86	59	72.5	9.4	0	8	0.00	0.0	0
2020-03-07	85	60	72.5	9.2	0	8	0.00	0.0	0
2020-03-08	75	61	68.0	4.5	0	3	0.00	0.0	0
2020-03-09	79	55	67.0	3.3	0	2	0.00	0.0	0
2020-03-10	73	60	66.5	2.6	0	2	0.28	0.0	0
2020-03-11	66	61	63.5	-0.6	1	0	0.67	0.0	0
2020-03-12	71	57	64.0	-0.4	1	0	0.43	0.0	0
2020-03-13	66	53	59.5	-5.1	5	0	0.40	0.0	0
2020-03-14	73	50	61.5	-3.3	3	0	0.00	0.0	0
2020-03-15	77	53	65.0	0.0	0	0	0.00	0.0	0
2020-03-16	78	53	65.5	0.3	0	1	0.00	0.0	0
2020-03-17	75	58	66.5	1.1	0	2	0.00	0.0	0
2020-03-18	69	50	59.5	-6.1	5	0	0.15	0.0	0
2020-03-19	65	49	57.0	-8.8	8	0	0.01	0.0	0
2020-03-20	71	48	59.5	-6.5	5	0	0.00	0.0	0
2020-03-21	75	52	63.5	-2.7	1	0	0.00	0.0	0
2020-03-22	73	55	64.0	-2.4	1	0	0.00	0.0	0
2020-03-23	77	59	68.0	1.4	0	3	0.00	0.0	0
2020-03-24	77	55	66.0	-0.8	0	1	0.00	0.0	0
2020-03-25	77	55	66.0	-1.1	0	1	0.00	0.0	M
2020-03-26	70	59	64.5	-2.8	0	0	0.00	0.0	M
2020-03-27	66	52	59.0	-8.5	6	0	T	0.0	0
2020-03-28	71	47	59.0	-8.7	6	0	0.00	0.0	0
2020-03-29	77	53	65.0	-2.9	0	0	0.00	0.0	M
2020-03-30	77	53	65.0	-3.2	0	0	0.00	0.0	M
2020-03-31	79	55	67.0	-1.4	0	2	0.00	0.0	0
2020-04-01	85	60	72.5	3.8	0	8	0.00	0.0	M
2020-04-02	85	57	71.0	2.1	0	6	0.00	0.0	M
2020-04-03	84	57	70.5	1.4	0	6	0.00	0.0	M
2020-04-04	84	57	70.5	1.1	0	6	0.00	0.0	0
2020-04-05	86	58	72.0	2.4	0	7	0.00	0.0	M
2020-04-06	85	58	71.5	1.6	0	7	0.00	0.0	M
2020-04-07	84	56	70.0	-0.2	0	5	0.00	0.0	M
2020-04-08	83	58	70.5	0.1	0	6	0.00	0.0	M
2020-04-09	74	54	64.0	-6.7	1	0	0.00	0.0	M
2020-04-10	79	53	66.0	-5.0	0	1	0.00	0.0	M
2020-04-11	71	57	64.0	-7.3	1	0	0.08	0.0	M
2020-04-12	77	52	64.5	-7.0	0	0	0.00	0.0	M
2020-04-13	78	59	68.5	-3.3	0	4	0.00	0.0	0
2020-04-14	80	59	69.5	-2.6	0	5	0.00	0.0	M
2020-04-15	83	55	69.0	-3.4	0	4	0.00	0.0	M
2020-04-16	86	56	71.0	-1.7	0	6	0.00	0.0	M