2020-01-01	82	61	71.5	3.1	0	7	0.00	M	M
2020-01-02	81	63	72.0	3.7	0	7	0.00	M	M
2020-01-03	84	75	79.5	11.3	0	15	0.00	M	M
2020-01-04	87	69	78.0	9.8	0	13	0.06	M	M
2020-01-05	72	58	65.0	-3.1	0	0	0.00	M	M
2020-01-06	75	56	65.5	-2.5	0	1	0.00	M	M
2020-01-07	79	61	70.0	2.0	0	5	0.00	M	M
2020-01-08	78	61	69.5	1.6	0	5	0.00	M	M
2020-01-09	79	71	75.0	7.1	0	10	T	M	M
2020-01-10	81	74	77.5	9.6	0	13	T	M	M
2020-01-11	83	75	79.0	11.1	0	14	0.02	M	M
2020-01-12	82	76	79.0	11.1	0	14	T	M	M
2020-01-13	83	73	78.0	10.1	0	13	T	0.0	0
2020-01-14	82	72	77.0	9.1	0	12	0.02	0.0	0
2020-01-15	82	69	75.5	7.6	0	11	0.00	0.0	0
2020-01-16	82	65	73.5	5.6	0	9	0.00	0.0	0
2020-01-17	81	68	74.5	6.6	0	10	0.12	0.0	0
2020-01-18	79	71	75.0	7.1	0	10	0.00	0.0	0
2020-01-19	81	66	73.5	5.5	0	9	0.00	0.0	0
2020-01-20	76	60	68.0	0.0	0	3	T	0.0	0
2020-01-21	67	48	57.5	-10.6	7	0	0.00	0.0	0
2020-01-22	63	40	51.5	-16.6	13	0	0.00	0.0	0
2020-01-23	76	57	66.5	-1.7	0	2	0.31	0.0	0
2020-01-24	80	63	71.5	3.2	0	7	T	0.0	0
2020-01-25	79	65	72.0	3.7	0	7	0.00	0.0	0
2020-01-26	76	54	65.0	-3.4	0	0	0.00	0.0	0
2020-01-27	77	61	69.0	0.5	0	4	T	0.0	0
2020-01-28	80	64	72.0	3.4	0	7	0.00	0.0	0
2020-01-29	82	60	71.0	2.3	0	6	T	0.0	0
2020-01-30	77	68	72.5	3.8	0	8	1.08	0.0	0
2020-01-31	80	62	71.0	2.2	0	6	0.42	0.0	0
2020-02-01	77	64	70.5	1.6	0	6	1.23	0.0	0
2020-02-02	68	55	61.5	-7.5	3	0	0.00	0.0	0
2020-02-03	75	49	62.0	-7.1	3	0	0.00	0.0	0
2020-02-04	79	59	69.0	-0.2	0	4	0.00	0.0	0
2020-02-05	81	64	72.5	3.2	0	8	0.00	0.0	0
2020-02-06	84	75	79.5	10.1	0	15	0.00	0.0	0
2020-02-07	78	64	71.0	1.5	0	6	0.38	0.0	0
2020-02-08	76	59	67.5	-2.1	0	3	0.00	0.0	0
2020-02-09	81	71	76.0	6.3	0	11	T	0.0	0
2020-02-10	82	73	77.5	7.7	0	13	T	0.0	0
2020-02-11	84	74	79.0	9.1	0	14	T	0.0	0
2020-02-12	84	74	79.0	9.0	0	14	0.00	0.0	0
2020-02-13	86	76	81.0	10.9	0	16	0.00	0.0	0
2020-02-14	87	73	80.0	9.8	0	15	0.02	0.0	0
2020-02-15	83	70	76.5	6.2	0	12	0.56	0.0	0
2020-02-16	82	72	77.0	6.6	0	12	0.32	0.0	0
2020-02-17	85	68	76.5	6.0	0	12	T	0.0	0
2020-02-18	85	74	79.5	8.9	0	15	T	0.0	0
2020-02-19	85	75	80.0	9.4	0	15	T	0.0	0
2020-02-20	86	74	80.0	9.3	0	15	0.01	0.0	0
2020-02-21	81	59	70.0	-0.8	0	5	0.00	0.0	0
2020-02-22	77	58	67.5	-3.4	0	3	0.04	0.0	0
2020-02-23	78	64	71.0	0.0	0	6	T	0.0	0
2020-02-24	80	68	74.0	2.9	0	9	0.00	0.0	0
2020-02-25	85	71	78.0	6.9	0	13	T	0.0	0
2020-02-26	86	68	77.0	5.8	0	12	0.34	0.0	0
2020-02-27	70	57	63.5	-7.8	1	0	0.00	0.0	0
2020-02-28	68	51	59.5	-11.9	5	0	0.00	0.0	0
2020-02-29	72	53	62.5	-8.9	2	0	0.00	0.0	0
2020-03-01	76	55	65.5	-5.9	0	1	0.00	0.0	0
2020-03-02	79	67	73.0	1.5	0	8	0.00	0.0	0
2020-03-03	82	70	76.0	4.4	0	11	0.00	0.0	0
2020-03-04	85	71	78.0	6.3	0	13	0.00	0.0	0
2020-03-05	91	75	83.0	11.3	0	18	0.00	0.0	0
2020-03-06	85	68	76.5	4.7	0	12	0.09	0.0	0
2020-03-07	76	60	68.0	-3.9	0	3	0.00	0.0	0
2020-03-08	74	68	71.0	-1.0	0	6	0.00	0.0	0
2020-03-09	79	70	74.5	2.5	0	10	T	0.0	0
2020-03-10	81	71	76.0	3.9	0	11	T	0.0	0
2020-03-11	81	69	75.0	2.8	0	10	T	0.0	0
2020-03-12	83	68	75.5	3.3	0	11	0.00	0.0	0
2020-03-13	84	67	75.5	3.2	0	11	0.00	0.0	0
2020-03-14	84	73	78.5	6.1	0	14	0.00	0.0	0
2020-03-15	84	73	78.5	6.0	0	14	0.00	0.0	0
2020-03-16	84	69	76.5	3.9	0	12	0.00	0.0	0
2020-03-17	84	72	78.0	5.4	0	13	0.00	0.0	0
2020-03-18	83	72	77.5	4.8	0	13	0.00	0.0	0
2020-03-19	85	75	80.0	7.2	0	15	T	0.0	0
2020-03-20	84	75	79.5	6.6	0	15	T	0.0	0
2020-03-21	85	74	79.5	6.5	0	15	T	0.0	0
2020-03-22	84	69	76.5	3.4	0	12	0.00	0.0	0
2020-03-23	85	71	78.0	4.9	0	13	0.01	0.0	0
2020-03-24	86	73	79.5	6.3	0	15	T	0.0	0
2020-03-25	90	71	80.5	7.2	0	16	0.00	0.0	0
2020-03-26	89	72	80.5	7.1	0	16	0.00	0.0	0
2020-03-27	88	72	80.0	6.5	0	15	0.00	0.0	0
2020-03-28	84	71	77.5	3.9	0	13	0.00	0.0	0
2020-03-29	86	74	80.0	6.3	0	15	0.00	0.0	0
2020-03-30	88	75	81.5	7.7	0	17	0.00	0.0	0
2020-03-31	92	74	83.0	9.1	0	18	0.00	0.0	0
2020-04-01	88	72	80.0	6.0	0	15	0.12	0.0	0
2020-04-02	81	67	74.0	-0.1	0	9	0.00	0.0	0
2020-04-03	83	71	77.0	2.8	0	12	0.00	0.0	0
2020-04-04	85	72	78.5	4.2	0	14	0.00	0.0	0
2020-04-05	84	72	78.0	3.6	0	13	T	0.0	0
2020-04-06	87	74	80.5	5.9	0	16	T	0.0	0
2020-04-07	87	76	81.5	6.8	0	17	0.00	0.0	0
2020-04-08	92	75	83.5	8.7	0	19	0.00	0.0	0
2020-04-09	94	74	84.0	9.1	0	19	0.00	0.0	0
2020-04-10	95	75	85.0	10.0	0	20	0.00	0.0	0
2020-04-11	86	73	79.5	4.4	0	15	1.38	0.0	0
2020-04-12	88	78	83.0	7.7	0	18	0.00	0.0	0
2020-04-13	89	80	84.5	9.1	0	20	0.00	0.0	0
2020-04-14	91	79	85.0	9.5	0	20	0.00	0.0	0
2020-04-15	93	80	86.5	10.9	0	22	T	0.0	0
2020-04-16	91	77	84.0	8.2	0	19	0.00	0.0	0