2020-01-01	60	47	53.5	0.7	11	0	0.10	0.0	0
2020-01-02	65	59	62.0	9.3	3	0	0.21	0.0	0
2020-01-03	69	52	60.5	7.8	4	0	0.00	0.0	0
2020-01-04	69	40	54.5	1.8	10	0	0.00	0.0	0
2020-01-05	74	40	57.0	4.3	8	0	0.00	0.0	0
2020-01-06	75	45	60.0	7.3	5	0	0.00	0.0	0
2020-01-07	68	41	54.5	1.8	10	0	0.00	0.0	0
2020-01-08	68	35	51.5	-1.2	13	0	0.00	0.0	0
2020-01-09	75	60	67.5	14.8	0	3	T	0.0	0
2020-01-10	76	70	73.0	20.3	0	8	0.19	0.0	0
2020-01-11	69	39	54.0	1.3	11	0	0.92	0.0	0
2020-01-12	57	34	45.5	-7.2	19	0	0.00	0.0	0
2020-01-13	64	50	57.0	4.2	8	0	0.11	0.0	0
2020-01-14	79	64	71.5	18.7	0	7	0.24	0.0	0
2020-01-15	81	69	75.0	22.2	0	10	0.00	0.0	0
2020-01-16	77	64	70.5	17.6	0	6	0.01	0.0	0
2020-01-17	72	60	66.0	13.1	0	1	0.01	0.0	0
2020-01-18	74	55	64.5	11.5	0	0	0.01	0.0	0
2020-01-19	63	44	53.5	0.5	11	0	0.00	0.0	0
2020-01-20	62	38	50.0	-3.1	15	0	0.00	0.0	0
2020-01-21	61	35	48.0	-5.1	17	0	0.00	0.0	0
2020-01-22	60	43	51.5	-1.7	13	0	1.30	0.0	0
2020-01-23	61	46	53.5	0.2	11	0	0.10	0.0	0
2020-01-24	67	40	53.5	0.2	11	0	0.00	0.0	0
2020-01-25	66	41	53.5	0.1	11	0	T	0.0	0
2020-01-26	75	53	64.0	10.5	1	0	0.13	0.0	0
2020-01-27	62	50	56.0	2.4	9	0	0.00	0.0	0
2020-01-28	63	50	56.5	2.8	8	0	0.51	0.0	0
2020-01-29	55	47	51.0	-2.8	14	0	0.00	0.0	0
2020-01-30	56	49	52.5	-1.4	12	0	T	0.0	0
2020-01-31	61	43	52.0	-2.0	13	0	0.00	0.0	0
2020-02-01	69	41	55.0	0.9	10	0	0.00	0.0	0
2020-02-02	76	47	61.5	7.2	3	0	0.00	0.0	0
2020-02-03	76	57	66.5	12.1	0	2	T	0.0	0
2020-02-04	80	59	69.5	15.0	0	5	0.00	0.0	0
2020-02-05	59	41	50.0	-4.7	15	0	0.02	0.0	0
2020-02-06	52	36	44.0	-10.8	21	0	0.07	0.0	0
2020-02-07	72	33	52.5	-2.5	12	0	0.00	0.0	0
2020-02-08	73	50	61.5	6.4	3	0	T	0.0	0
2020-02-09	73	57	65.0	9.7	0	0	0.11	0.0	0
2020-02-10	78	53	65.5	10.1	0	1	0.03	0.0	0
2020-02-11	57	50	53.5	-2.1	11	0	0.05	0.0	0
2020-02-12	57	50	53.5	-2.3	11	0	0.01	0.0	0
2020-02-13	60	42	51.0	-5.0	14	0	0.00	0.0	0
2020-02-14	62	36	49.0	-7.2	16	0	0.00	0.0	0
2020-02-15	67	40	53.5	-2.9	11	0	0.00	0.0	0
2020-02-16	72	59	65.5	8.9	0	1	0.00	0.0	0
2020-02-17	81	58	69.5	12.7	0	5	0.01	0.0	0
2020-02-18	79	60	69.5	12.5	0	5	0.00	0.0	0
2020-02-19	60	51	55.5	-1.7	9	0	0.01	0.0	0
2020-02-20	51	45	48.0	-9.4	17	0	0.58	0.0	0
2020-02-21	57	39	48.0	-9.6	17	0	0.00	0.0	0
2020-02-22	64	37	50.5	-7.3	14	0	0.00	0.0	0
2020-02-23	68	49	58.5	0.5	6	0	T	0.0	0
2020-02-24	73	53	63.0	4.8	2	0	0.69	0.0	0
2020-02-25	73	47	60.0	1.5	5	0	0.00	0.0	0
2020-02-26	57	42	49.5	-9.2	15	0	0.00	0.0	0
2020-02-27	61	32	46.5	-12.4	18	0	0.00	0.0	0
2020-02-28	74	39	56.5	-2.7	8	0	0.00	0.0	0
2020-02-29	75	43	59.0	-0.3	6	0	0.00	0.0	0
2020-03-01	72	62	67.0	7.6	0	2	0.04	0.0	0
2020-03-02	81	66	73.5	13.9	0	9	0.00	0.0	0
2020-03-03	84	68	76.0	16.2	0	11	0.00	0.0	0
2020-03-04	76	57	66.5	6.4	0	2	0.13	0.0	0
2020-03-05	75	55	65.0	4.7	0	0	0.00	0.0	0
2020-03-06	74	49	61.5	1.0	3	0	0.00	0.0	0
2020-03-07	62	42	52.0	-8.8	13	0	0.00	0.0	0
2020-03-08	73	46	59.5	-1.5	5	0	0.00	0.0	0
2020-03-09	74	62	68.0	6.8	0	3	T	0.0	0
2020-03-10	82	62	72.0	10.6	0	7	0.60	0.0	0
2020-03-11	83	59	71.0	9.3	0	6	0.00	0.0	0
2020-03-12	84	69	76.5	14.6	0	12	0.00	0.0	0
2020-03-13	83	70	76.5	14.4	0	12	0.00	0.0	0
2020-03-14	82	71	76.5	14.2	0	12	T	0.0	0
2020-03-15	84	65	74.5	11.9	0	10	T	0.0	0
2020-03-16	76	63	69.5	6.7	0	5	T	0.0	0
2020-03-17	85	69	77.0	14.0	0	12	T	0.0	0
2020-03-18	83	71	77.0	13.8	0	12	0.00	0.0	0
2020-03-19	85	74	79.5	16.1	0	15	0.00	0.0	0
2020-03-20	76	56	66.0	2.3	0	1	1.08	0.0	0
2020-03-21	61	54	57.5	-6.4	7	0	0.36	0.0	0
2020-03-22	78	58	68.0	3.9	0	3	0.01	0.0	0
2020-03-23	86	69	77.5	13.2	0	13	0.00	0.0	0
2020-03-24	88	71	79.5	15.0	0	15	0.00	0.0	0
2020-03-25	90	71	80.5	15.8	0	16	0.00	0.0	0
2020-03-26	88	68	78.0	13.1	0	13	0.00	0.0	0
2020-03-27	90	67	78.5	13.4	0	14	0.00	0.0	0
2020-03-28	81	58	69.5	4.1	0	5	0.04	0.0	0
2020-03-29	81	54	67.5	1.9	0	3	0.00	0.0	0
2020-03-30	83	64	73.5	7.7	0	9	0.02	0.0	0
2020-03-31	76	56	66.0	0.0	0	1	0.00	0.0	0
2020-04-01	75	52	63.5	-2.7	1	0	0.00	0.0	0
2020-04-02	75	59	67.0	0.6	0	2	T	0.0	0
2020-04-03	82	65	73.5	6.9	0	9	0.56	0.0	0
2020-04-04	68	54	61.0	-5.8	4	0	0.78	0.0	0
2020-04-05	74	58	66.0	-1.1	0	1	0.00	0.0	0
2020-04-06	77	64	70.5	3.2	0	6	0.27	0.0	0
2020-04-07	87	72	79.5	12.0	0	15	T	0.0	0
2020-04-08	88	72	80.0	12.3	0	15	T	0.0	0
2020-04-09	91	67	79.0	11.1	0	14	1.57	0.0	0
2020-04-10	74	62	68.0	-0.2	0	3	0.00	0.0	0
2020-04-11	77	59	68.0	-0.4	0	3	T	0.0	0
2020-04-12	92	66	79.0	10.4	0	14	0.01	0.0	0
2020-04-13	70	51	60.5	-8.3	4	0	0.00	0.0	0
2020-04-14	71	48	59.5	-9.6	5	0	0.00	0.0	0
2020-04-15	72	47	59.5	-9.8	5	0	0.00	0.0	0
2020-04-16	75	48	61.5	-8.0	3	0	0.00	0.0	0