2020-01-01	46	37	41.5	10.1	23	0	T	0.0	0
2020-01-02	42	22	32.0	0.7	33	0	0.00	0.0	0
2020-01-03	50	26	38.0	6.9	27	0	0.06	0.0	0
2020-01-04	48	43	45.5	14.5	19	0	0.18	0.0	0
2020-01-05	51	38	44.5	13.6	20	0	0.03	0.0	0
2020-01-06	44	29	36.5	5.8	28	0	0.03	0.6	1
2020-01-07	47	32	39.5	8.9	25	0	0.00	0.0	0
2020-01-08	45	29	37.0	6.5	28	0	0.02	0.0	0
2020-01-09	43	21	32.0	1.5	33	0	0.00	0.0	0
2020-01-10	35	23	29.0	-1.4	36	0	0.00	0.0	0
2020-01-11	57	33	45.0	14.7	20	0	0.00	0.0	0
2020-01-12	69	56	62.5	32.2	2	0	0.05	0.0	0
2020-01-13	68	37	52.5	22.3	12	0	0.00	0.0	0
2020-01-14	46	33	39.5	9.3	25	0	0.00	0.0	0
2020-01-15	46	40	43.0	12.8	22	0	0.05	0.0	0
2020-01-16	52	34	43.0	12.8	22	0	0.09	0.0	0
2020-01-17	51	23	37.0	6.9	28	0	0.00	0.0	0
2020-01-18	32	18	25.0	-5.1	40	0	0.00	0.0	0
2020-01-19	37	20	28.5	-1.7	36	0	0.28	1.2	0
2020-01-20	44	21	32.5	2.3	32	0	0.00	0.0	0
2020-01-21	34	15	24.5	-5.7	40	0	0.00	0.0	0
2020-01-22	36	16	26.0	-4.2	39	0	0.00	0.0	0
2020-01-23	41	18	29.5	-0.8	35	0	0.00	0.0	0
2020-01-24	47	23	35.0	4.7	30	0	0.00	0.0	0
2020-01-25	52	27	39.5	9.1	25	0	0.00	0.0	0
2020-01-26	53	31	42.0	11.6	23	0	1.22	0.0	0
2020-01-27	47	31	39.0	8.5	26	0	0.00	0.0	0
2020-01-28	44	34	39.0	8.4	26	0	0.00	0.0	0
2020-01-29	46	34	40.0	9.3	25	0	0.00	0.0	0
2020-01-30	43	22	32.5	1.8	32	0	0.00	0.0	0
2020-01-31	37	25	31.0	0.2	34	0	0.00	0.0	0
2020-02-01	44	33	38.5	7.6	26	0	0.03	0.0	0
2020-02-02	43	34	38.5	7.5	26	0	0.10	0.0	0
2020-02-03	44	31	37.5	6.3	27	0	0.16	T	0
2020-02-04	59	36	47.5	16.2	17	0	0.12	0.0	0
2020-02-05	62	39	50.5	19.1	14	0	0.03	0.0	0
2020-02-06	43	36	39.5	8.0	25	0	0.64	0.0	0
2020-02-07	43	39	41.0	9.3	24	0	0.28	0.0	0
2020-02-08	61	29	45.0	13.2	20	0	0.04	0.0	0
2020-02-09	43	25	34.0	2.1	31	0	0.00	0.0	0
2020-02-10	48	31	39.5	7.4	25	0	0.17	0.0	0
2020-02-11	47	42	44.5	12.3	20	0	0.67	0.0	0
2020-02-12	50	34	42.0	9.6	23	0	0.02	0.0	0
2020-02-13	46	36	41.0	8.4	24	0	0.20	0.0	0
2020-02-14	43	32	37.5	4.8	27	0	0.20	0.0	0
2020-02-15	33	10	21.5	-11.4	43	0	0.00	0.0	0
2020-02-16	32	15	23.5	-9.6	41	0	0.00	0.0	0
2020-02-17	50	27	38.5	5.2	26	0	0.00	0.0	0
2020-02-18	54	31	42.5	9.0	22	0	0.00	0.0	0
2020-02-19	51	41	46.0	12.3	19	0	0.00	0.0	0
2020-02-20	51	27	39.0	5.1	26	0	0.00	0.0	0
2020-02-21	36	19	27.5	-6.6	37	0	0.00	0.0	0
2020-02-22	37	22	29.5	-4.8	35	0	0.00	0.0	0
2020-02-23	51	23	37.0	2.5	28	0	0.00	0.0	0
2020-02-24	58	27	42.5	7.8	22	0	0.00	0.0	0
2020-02-25	63	38	50.5	15.5	14	0	0.00	0.0	0
2020-02-26	50	45	47.5	12.3	17	0	0.20	0.0	0
2020-02-27	48	39	43.5	8.0	21	0	0.22	0.0	0
2020-02-28	43	27	35.0	-0.7	30	0	0.00	0.0	0
2020-02-29	43	26	34.5	-1.3	30	0	0.00	0.0	0
2020-03-01	37	24	30.5	-5.5	34	0	0.00	0.0	0
2020-03-02	45	26	35.5	-0.7	29	0	0.00	0.0	0
2020-03-03	66	38	52.0	15.5	13	0	0.00	0.0	0
2020-03-04	60	44	52.0	15.3	13	0	0.26	0.0	0
2020-03-05	58	32	45.0	8.0	20	0	0.00	0.0	0
2020-03-06	53	30	41.5	4.2	23	0	0.00	0.0	0
2020-03-07	45	37	41.0	3.4	24	0	0.36	0.0	0
2020-03-08	49	26	37.5	-0.4	27	0	0.00	0.0	0
2020-03-09	60	28	44.0	5.8	21	0	0.00	0.0	0
2020-03-10	73	41	57.0	18.5	8	0	0.00	0.0	0
2020-03-11	67	41	54.0	15.2	11	0	0.00	0.0	0
2020-03-12	58	33	45.5	6.4	19	0	0.00	0.0	0
2020-03-13	55	40	47.5	8.1	17	0	0.38	0.0	0
2020-03-14	71	40	55.5	15.8	9	0	0.06	0.0	0
2020-03-15	58	41	49.5	9.5	15	0	0.00	0.0	0
2020-03-16	56	32	44.0	3.6	21	0	0.00	0.0	0
2020-03-17	44	35	39.5	-1.2	25	0	0.10	0.0	0
2020-03-18	55	35	45.0	4.0	20	0	0.07	0.0	0
2020-03-19	57	41	49.0	7.6	16	0	1.27	0.0	0
2020-03-20	52	43	47.5	5.8	17	0	0.04	0.0	0
2020-03-21	80	42	61.0	19.0	4	0	0.00	0.0	0
2020-03-22	54	34	44.0	1.6	21	0	0.00	0.0	0
2020-03-23	44	35	39.5	-3.2	25	0	0.05	0.0	0
2020-03-24	42	35	38.5	-4.6	26	0	1.34	0.0	0
2020-03-25	57	39	48.0	4.6	17	0	0.00	0.0	0
2020-03-26	47	31	39.0	-4.8	26	0	0.01	0.0	0
2020-03-27	61	39	50.0	5.9	15	0	0.00	0.0	0
2020-03-28	69	44	56.5	12.0	8	0	0.00	0.0	0
2020-03-29	49	45	47.0	2.1	18	0	0.39	0.0	0
2020-03-30	49	46	47.5	2.3	17	0	0.03	0.0	0
2020-03-31	53	41	47.0	1.4	18	0	0.18	M	M
2020-04-01	47	38	42.5	-3.4	22	0	0.00	0.0	0
2020-04-02	55	37	46.0	-0.3	19	0	0.00	0.0	0
2020-04-03	59	42	50.5	3.9	14	0	0.00	0.0	0
2020-04-04	55	46	50.5	3.5	14	0	0.00	0.0	0
2020-04-05	60	44	52.0	4.6	13	0	0.00	0.0	0
2020-04-06	67	49	58.0	10.3	7	0	0.00	0.0	0
2020-04-07	67	39	53.0	4.9	12	0	0.00	0.0	0
2020-04-08	68	53	60.5	12.1	4	0	0.38	0.0	0
2020-04-09	70	42	56.0	7.2	9	0	0.01	0.0	0
2020-04-10	65	39	52.0	2.9	13	0	0.16	0.0	0
2020-04-11	51	34	42.5	-7.0	22	0	0.02	0.0	0
2020-04-12	55	31	43.0	-6.8	22	0	0.00	0.0	0
2020-04-13	69	44	56.5	5.3	8	0	0.64	0.0	0
2020-04-14	70	45	57.5	7.0	7	0	0.97	0.0	0
2020-04-15	58	41	49.5	-1.4	15	0	0.03	0.0	0
2020-04-16	53	39	46.0	-5.2	19	0	0.00	0.0	0