2020-01-01	41	34	37.5	4.1	27	0	0.00	0.0	0
2020-01-02	49	33	41.0	7.7	24	0	0.00	0.0	0
2020-01-03	49	44	46.5	13.4	18	0	0.15	0.0	0
2020-01-04	51	41	46.0	13.0	19	0	0.27	0.0	0
2020-01-05	42	35	38.5	5.6	26	0	T	0.0	0
2020-01-06	45	32	38.5	5.7	26	0	0.04	0.2	0
2020-01-07	45	36	40.5	7.8	24	0	T	0.0	0
2020-01-08	42	28	35.0	2.4	30	0	T	T	0
2020-01-09	34	23	28.5	-4.0	36	0	0.00	0.0	0
2020-01-10	55	33	44.0	11.6	21	0	0.00	0.0	0
2020-01-11	69	51	60.0	27.6	5	0	0.00	0.0	0
2020-01-12	68	43	55.5	23.2	9	0	0.05	0.0	0
2020-01-13	46	37	41.5	9.2	23	0	0.00	0.0	0
2020-01-14	46	39	42.5	10.2	22	0	0.07	0.0	0
2020-01-15	50	41	45.5	13.2	19	0	T	0.0	0
2020-01-16	49	33	41.0	8.8	24	0	0.11	T	0
2020-01-17	33	21	27.0	-5.2	38	0	0.00	0.0	0
2020-01-18	37	20	28.5	-3.8	36	0	0.37	2.1	0
2020-01-19	43	27	35.0	2.7	30	0	T	0.0	1
2020-01-20	31	20	25.5	-6.8	39	0	0.00	0.0	0
2020-01-21	33	20	26.5	-5.8	38	0	0.00	0.0	0
2020-01-22	38	25	31.5	-0.9	33	0	0.00	0.0	0
2020-01-23	47	33	40.0	7.6	25	0	0.00	0.0	0
2020-01-24	51	37	44.0	11.5	21	0	0.00	0.0	0
2020-01-25	51	38	44.5	12.0	20	0	0.85	0.0	0
2020-01-26	46	38	42.0	9.4	23	0	0.00	0.0	0
2020-01-27	45	37	41.0	8.3	24	0	0.00	0.0	0
2020-01-28	43	37	40.0	7.2	25	0	0.00	0.0	0
2020-01-29	41	31	36.0	3.1	29	0	0.00	0.0	0
2020-01-30	38	25	31.5	-1.5	33	0	0.00	0.0	0
2020-01-31	44	33	38.5	5.4	26	0	0.02	0.0	0
2020-02-01	43	37	40.0	6.8	25	0	T	0.0	0
2020-02-02	45	35	40.0	6.7	25	0	0.07	T	0
2020-02-03	57	37	47.0	13.6	18	0	T	0.0	0
2020-02-04	61	43	52.0	18.5	13	0	T	0.0	0
2020-02-05	55	39	47.0	13.3	18	0	T	0.0	0
2020-02-06	41	35	38.0	4.2	27	0	0.51	0.0	0
2020-02-07	56	33	44.5	10.6	20	0	0.25	T	0
2020-02-08	41	30	35.5	1.4	29	0	0.00	0.0	0
2020-02-09	44	31	37.5	3.3	27	0	0.00	0.0	0
2020-02-10	47	42	44.5	10.1	20	0	0.37	0.0	0
2020-02-11	48	43	45.5	11.0	19	0	0.28	0.0	0
2020-02-12	46	37	41.5	6.8	23	0	0.13	0.0	0
2020-02-13	44	37	40.5	5.6	24	0	0.39	0.0	0
2020-02-14	40	18	29.0	-6.0	36	0	0.00	0.0	0
2020-02-15	31	14	22.5	-12.7	42	0	0.00	0.0	0
2020-02-16	44	30	37.0	1.6	28	0	0.00	0.0	0
2020-02-17	51	38	44.5	8.9	20	0	0.00	0.0	0
2020-02-18	47	38	42.5	6.8	22	0	T	0.0	0
2020-02-19	48	32	40.0	4.1	25	0	0.00	0.0	0
2020-02-20	35	26	30.5	-5.6	34	0	0.00	0.0	0
2020-02-21	35	20	27.5	-8.8	37	0	0.00	0.0	0
2020-02-22	50	30	40.0	3.5	25	0	0.00	0.0	0
2020-02-23	56	39	47.5	10.8	17	0	0.00	0.0	0
2020-02-24	62	41	51.5	14.5	13	0	0.00	0.0	0
2020-02-25	53	46	49.5	12.3	15	0	0.14	0.0	0
2020-02-26	48	43	45.5	8.1	19	0	T	0.0	0
2020-02-27	43	31	37.0	-0.6	28	0	0.40	0.0	0
2020-02-28	42	29	35.5	-2.4	29	0	0.00	0.0	0
2020-02-29	35	25	30.0	-8.0	35	0	0.00	0.0	0
2020-03-01	44	25	34.5	-3.6	30	0	0.00	0.0	0
2020-03-02	58	40	49.0	10.7	16	0	0.00	0.0	0
2020-03-03	59	49	54.0	15.4	11	0	0.26	0.0	0
2020-03-04	56	45	50.5	11.7	14	0	T	0.0	0
2020-03-05	51	39	45.0	5.9	20	0	0.00	0.0	0
2020-03-06	45	37	41.0	1.6	24	0	0.37	0.0	0
2020-03-07	48	36	42.0	2.4	23	0	0.00	0.0	0
2020-03-08	59	35	47.0	7.1	18	0	0.00	0.0	0
2020-03-09	72	47	59.5	19.3	5	0	0.00	0.0	0
2020-03-10	65	54	59.5	19.0	5	0	T	0.0	0
2020-03-11	57	43	50.0	9.3	15	0	0.00	0.0	0
2020-03-12	50	43	46.5	5.5	18	0	0.03	0.0	0
2020-03-13	70	45	57.5	16.2	7	0	0.26	0.0	0
2020-03-14	57	43	50.0	8.4	15	0	0.00	0.0	0
2020-03-15	54	40	47.0	5.0	18	0	0.00	0.0	0
2020-03-16	45	33	39.0	-3.3	26	0	0.00	0.0	0
2020-03-17	54	41	47.5	4.9	17	0	0.16	0.0	0
2020-03-18	54	41	47.5	4.6	17	0	T	0.0	0
2020-03-19	52	41	46.5	3.3	18	0	0.93	0.0	0
2020-03-20	77	47	62.0	18.4	3	0	T	0.0	0
2020-03-21	65	40	52.5	8.6	12	0	0.00	0.0	0
2020-03-22	45	33	39.0	-5.2	26	0	0.00	0.0	0
2020-03-23	41	36	38.5	-6.1	26	0	1.16	T	0
2020-03-24	55	36	45.5	0.6	19	0	0.00	0.0	0
2020-03-25	45	40	42.5	-2.8	22	0	0.01	0.0	0
2020-03-26	60	38	49.0	3.4	16	0	0.00	0.0	0
2020-03-27	69	50	59.5	13.5	5	0	T	0.0	0
2020-03-28	54	44	49.0	2.6	16	0	0.45	0.0	0
2020-03-29	47	44	45.5	-1.2	19	0	0.05	0.0	0
2020-03-30	52	41	46.5	-0.6	18	0	0.04	0.0	0
2020-03-31	49	41	45.0	-2.5	20	0	0.06	0.0	0
2020-04-01	56	38	47.0	-0.8	18	0	0.00	0.0	0
2020-04-02	58	38	48.0	-0.2	17	0	0.00	0.0	0
2020-04-03	52	45	48.5	-0.1	16	0	0.13	0.0	0
2020-04-04	62	46	54.0	5.1	11	0	0.02	0.0	0
2020-04-05	65	47	56.0	6.7	9	0	0.00	0.0	0
2020-04-06	66	49	57.5	7.8	7	0	0.07	0.0	0
2020-04-07	68	52	60.0	10.0	5	0	0.00	0.0	0
2020-04-08	64	49	56.5	6.1	8	0	0.20	0.0	0
2020-04-09	59	43	51.0	0.2	14	0	0.12	0.0	0
2020-04-10	49	37	43.0	-8.1	22	0	0.01	T	0
2020-04-11	56	38	47.0	-4.5	18	0	0.00	0.0	0
2020-04-12	63	44	53.5	1.6	11	0	0.00	0.0	0
2020-04-13	67	53	60.0	7.8	5	0	1.92	0.0	0
2020-04-14	60	47	53.5	0.9	11	0	T	0.0	0
2020-04-15	54	42	48.0	-4.9	17	0	T	0.0	0
2020-04-16	50	38	44.0	-9.3	21	0	0.00	0.0	0