2020-01-01	63	49	56.0	2.5	9	0	0.02	M	M
2020-01-02	78	60	69.0	15.5	0	4	0.35	M	M
2020-01-03	72	58	65.0	11.6	0	0	1.85	M	M
2020-01-04	65	47	56.0	2.7	9	0	0.00	M	M
2020-01-05	67	42	54.5	1.2	10	0	0.00	M	M
2020-01-06	72	50	61.0	7.7	4	0	0.00	M	M
2020-01-07	65	52	58.5	5.3	6	0	T	M	M
2020-01-08	66	42	54.0	0.8	11	0	0.00	M	M
2020-01-09	74	52	63.0	9.8	2	0	T	M	M
2020-01-10	78	68	73.0	19.9	0	8	0.17	M	M
2020-01-11	76	56	66.0	12.9	0	1	0.60	M	M
2020-01-12	61	52	56.5	3.4	8	0	0.05	M	M
2020-01-13	70	61	65.5	12.4	0	1	0.24	0.0	M
2020-01-14	82	68	75.0	21.9	0	10	T	0.0	M
2020-01-15	81	69	75.0	21.9	0	10	T	0.0	M
2020-01-16	77	64	70.5	17.4	0	6	T	0.0	M
2020-01-17	73	62	67.5	14.3	0	3	T	0.0	M
2020-01-18	80	66	73.0	19.8	0	8	0.06	0.0	M
2020-01-19	65	48	56.5	3.3	8	0	T	0.0	M
2020-01-20	53	43	48.0	-5.3	17	0	0.00	0.0	M
2020-01-21	51	39	45.0	-8.3	20	0	0.00	0.0	M
2020-01-22	54	40	47.0	-6.4	18	0	T	0.0	M
2020-01-23	66	51	58.5	5.1	6	0	0.34	0.0	M
2020-01-24	66	47	56.5	3.0	8	0	0.00	0.0	M
2020-01-25	65	41	53.0	-0.6	12	0	0.00	0.0	0
2020-01-26	57	52	54.5	0.8	10	0	0.57	0.0	0
2020-01-27	58	48	53.0	-0.8	12	0	T	0.0	0
2020-01-28	66	44	55.0	1.1	10	0	0.00	0.0	0
2020-01-29	64	55	59.5	5.5	5	0	0.09	0.0	0
2020-01-30	60	51	55.5	1.4	9	0	T	0.0	0
2020-01-31	60	52	56.0	1.8	9	0	0.07	0.0	0
2020-02-01	61	45	53.0	-1.3	12	0	0.00	0.0	M
2020-02-02	74	43	58.5	4.0	6	0	0.00	0.0	M
2020-02-03	72	51	61.5	6.9	3	0	0.00	0.0	0
2020-02-04	76	64	70.0	15.3	0	5	0.01	0.0	0
2020-02-05	75	68	71.5	16.6	0	7	0.91	0.0	M
2020-02-06	76	41	58.5	3.4	6	0	0.36	0.0	M
2020-02-07	62	37	49.5	-5.7	15	0	0.00	0.0	M
2020-02-08	69	55	62.0	6.6	3	0	0.00	0.0	M
2020-02-09	73	53	63.0	7.4	2	0	T	0.0	M
2020-02-10	79	67	73.0	17.3	0	8	0.01	0.0	M
2020-02-11	81	71	76.0	20.1	0	11	T	0.0	M
2020-02-12	80	70	75.0	18.9	0	10	0.16	0.0	M
2020-02-13	75	50	62.5	6.2	2	0	0.19	0.0	M
2020-02-14	61	45	53.0	-3.5	12	0	0.00	0.0	M
2020-02-15	69	46	57.5	0.8	7	0	T	0.0	M
2020-02-16	63	58	60.5	3.6	4	0	1.05	0.0	M
2020-02-17	68	58	63.0	5.9	2	0	0.00	0.0	M
2020-02-18	81	67	74.0	16.7	0	9	T	0.0	M
2020-02-19	74	61	67.5	10.0	0	3	T	0.0	M
2020-02-20	66	48	57.0	-0.7	8	0	1.24	0.0	M
2020-02-21	56	43	49.5	-8.4	15	0	0.00	0.0	M
2020-02-22	61	42	51.5	-6.7	13	0	0.00	0.0	M
2020-02-23	68	47	57.5	-0.9	7	0	0.00	0.0	M
2020-02-24	75	57	66.0	7.4	0	1	0.01	0.0	M
2020-02-25	68	56	62.0	3.2	3	0	0.00	0.0	M
2020-02-26	62	49	55.5	-3.5	9	0	0.00	0.0	M
2020-02-27	56	41	48.5	-10.7	16	0	0.00	0.0	M
2020-02-28	69	39	54.0	-5.4	11	0	0.00	0.0	M
2020-02-29	73	42	57.5	-2.1	7	0	0.00	0.0	M
2020-03-01	71	45	58.0	-1.7	7	0	T	0.0	M
2020-03-02	79	65	72.0	12.1	0	7	0.01	0.0	M
2020-03-03	82	65	73.5	13.4	0	9	0.03	0.0	M
2020-03-04	82	59	70.5	10.2	0	6	0.11	0.0	M
2020-03-05	69	58	63.5	3.0	1	0	0.02	0.0	M
2020-03-06	72	55	63.5	2.8	1	0	0.00	0.0	M
2020-03-07	66	50	58.0	-2.9	7	0	0.00	0.0	M
2020-03-08	73	55	64.0	2.9	1	0	0.00	0.0	0
2020-03-09	78	62	70.0	8.7	0	5	0.00	0.0	M
2020-03-10	76	66	71.0	9.5	0	6	0.78	0.0	M
2020-03-11	81	65	73.0	11.3	0	8	0.00	0.0	M
2020-03-12	82	64	73.0	11.1	0	8	0.00	0.0	M
2020-03-13	83	69	76.0	13.9	0	11	0.00	0.0	M
2020-03-14	83	68	75.5	13.2	0	11	0.00	0.0	M
2020-03-15	84	66	75.0	12.5	0	10	0.00	0.0	M
2020-03-16	82	62	72.0	9.3	0	7	T	0.0	M
2020-03-17	82	68	75.0	12.1	0	10	0.01	0.0	M
2020-03-18	83	66	74.5	11.4	0	10	0.00	0.0	M
2020-03-19	85	73	79.0	15.7	0	14	T	0.0	M
2020-03-20	85	70	77.5	14.1	0	13	0.06	0.0	M
2020-03-21	77	67	72.0	8.4	0	7	0.03	0.0	M
2020-03-22	81	65	73.0	9.2	0	8	T	0.0	M
2020-03-23	88	70	79.0	15.0	0	14	0.00	0.0	M
2020-03-24	86	71	78.5	14.3	0	14	0.00	0.0	M
2020-03-25	89	71	80.0	15.6	0	15	0.00	0.0	M
2020-03-26	88	69	78.5	13.9	0	14	0.00	0.0	M
2020-03-27	87	73	80.0	15.3	0	15	0.00	0.0	M
2020-03-28	88	75	81.5	16.6	0	17	0.00	0.0	M
2020-03-29	84	73	78.5	13.4	0	14	T	0.0	M
2020-03-30	84	74	79.0	13.7	0	14	0.00	0.0	M
2020-03-31	85	61	73.0	7.5	0	8	0.01	0.0	M
2020-04-01	75	58	66.5	0.8	0	2	0.00	0.0
2020-04-02	80	53	66.5	0.6	0	2	T	0.0
2020-04-03	81	60	70.5	4.4	0	6	0.00	0.0
2020-04-04	80	62	71.0	4.7	0	6	0.05	0.0
2020-04-05	83	62	72.5	5.9	0	8	0.01	0.0
2020-04-06	83	63	73.0	6.2	0	8	0.00	0.0
2020-04-07	88	71	79.5	12.5	0	15	T	0.0
2020-04-08	88	75	81.5	14.3	0	17	0.00	0.0
2020-04-09	90	71	80.5	13.1	0	16	0.05	0.0
2020-04-10	75	65	70.0	2.3	0	5	T	0.0
2020-04-11	79	63	71.0	3.1	0	6	0.00	0.0
2020-04-12	86	74	80.0	11.9	0	15	0.22	0.0
2020-04-13	79	62	70.5	2.1	0	6	0.00	0.0
2020-04-14	75	59	67.0	-1.6	0	2	0.00	0.0
2020-04-15	71	54	62.5	-6.4	2	0	0.00	0.0
2020-04-16	75	59	67.0	-2.1	0	2	0.00	0.0