2020-01-01	42	29	35.5	1.8	29	0	T	T	0
2020-01-02	47	27	37.0	3.4	28	0	0.00	0.0	0
2020-01-03	49	43	46.0	12.6	19	0	0.21	0.0	0
2020-01-04	54	42	48.0	14.7	17	0	0.15	0.0	0
2020-01-05	42	35	38.5	5.3	26	0	0.00	0.0	0
2020-01-06	51	35	43.0	9.9	22	0	0.00	0.0	0
2020-01-07	46	32	39.0	6.0	26	0	0.13	T	0
2020-01-08	41	30	35.5	2.5	29	0	T	T	0
2020-01-09	34	23	28.5	-4.4	36	0	0.00	0.0	0
2020-01-10	55	28	41.5	8.7	23	0	0.00	0.0	0
2020-01-11	67	46	56.5	23.7	8	0	0.00	0.0	0
2020-01-12	67	43	55.0	22.3	10	0	0.20	0.0	0
2020-01-13	48	38	43.0	10.3	22	0	0.00	0.0	0
2020-01-14	46	37	41.5	8.8	23	0	0.03	0.0	0
2020-01-15	54	38	46.0	13.4	19	0	T	0.0	0
2020-01-16	51	35	43.0	10.4	22	0	T	T	0
2020-01-17	35	23	29.0	-3.6	36	0	0.00	0.0	0
2020-01-18	39	22	30.5	-2.1	34	0	0.25	0.2	0
2020-01-19	42	27	34.5	1.9	30	0	0.03	0.0	0
2020-01-20	33	23	28.0	-4.7	37	0	T	T	0
2020-01-21	35	19	27.0	-5.7	38	0	0.00	0.0	0
2020-01-22	39	23	31.0	-1.7	34	0	0.00	0.0	0
2020-01-23	45	24	34.5	1.7	30	0	0.00	0.0	0
2020-01-24	57	28	42.5	9.7	22	0	0.00	0.0	0
2020-01-25	52	36	44.0	11.1	21	0	1.60	0.0	0
2020-01-26	47	34	40.5	7.6	24	0	0.00	0.0	0
2020-01-27	46	32	39.0	6.0	26	0	0.00	0.0	0
2020-01-28	42	38	40.0	6.9	25	0	0.00	0.0	0
2020-01-29	45	30	37.5	4.3	27	0	0.00	0.0	0
2020-01-30	39	25	32.0	-1.3	33	0	0.00	0.0	0
2020-01-31	47	28	37.5	4.1	27	0	0.04	0.0	0
2020-02-01	44	35	39.5	6.0	25	0	0.05	0.0	0
2020-02-02	43	34	38.5	4.9	26	0	T	0.0	0
2020-02-03	61	33	47.0	13.3	18	0	0.00	0.0	0
2020-02-04	64	43	53.5	19.7	11	0	0.10	0.0	0
2020-02-05	56	36	46.0	12.0	19	0	0.05	0.0	0
2020-02-06	47	36	41.5	7.4	23	0	0.47	0.0	0
2020-02-07	60	35	47.5	13.2	17	0	0.23	0.0	0
2020-02-08	45	30	37.5	3.1	27	0	0.00	0.0	0
2020-02-09	48	29	38.5	3.9	26	0	0.00	0.0	0
2020-02-10	46	42	44.0	9.3	21	0	0.26	0.0	0
2020-02-11	51	45	48.0	13.1	17	0	0.43	0.0	0
2020-02-12	47	37	42.0	6.9	23	0	0.06	0.0	0
2020-02-13	48	36	42.0	6.7	23	0	0.22	0.0	0
2020-02-14	41	20	30.5	-5.0	34	0	0.00	0.0	0
2020-02-15	32	14	23.0	-12.7	42	0	0.00	0.0	0
2020-02-16	49	29	39.0	3.1	26	0	0.00	0.0	M
2020-02-17	53	36	44.5	8.4	20	0	0.00	0.0	0
2020-02-18	61	35	48.0	11.7	17	0	0.00	0.0	0
2020-02-19	53	36	44.5	8.0	20	0	0.00	0.0	0
2020-02-20	38	29	33.5	-3.2	31	0	0.00	0.0	0
2020-02-21	36	21	28.5	-8.5	36	0	0.00	0.0	0
2020-02-22	51	24	37.5	0.3	27	0	0.00	0.0	0
2020-02-23	56	28	42.0	4.6	23	0	0.00	0.0	0
2020-02-24	60	30	45.0	7.3	20	0	0.00	0.0	0
2020-02-25	50	44	47.0	9.1	18	0	0.17	0.0	0
2020-02-26	52	45	48.5	10.3	16	0	0.21	0.0	0
2020-02-27	48	32	40.0	1.6	25	0	0.21	0.0	0
2020-02-28	42	29	35.5	-3.2	29	0	T	T	0
2020-02-29	35	27	31.0	-7.8	34	0	0.00	0.0	0
2020-03-01	45	25	35.0	-4.0	30	0	0.00	0.0	0
2020-03-02	63	30	46.5	7.3	18	0	0.04	0.0	0
2020-03-03	60	41	50.5	11.0	14	0	0.12	0.0	0
2020-03-04	59	43	51.0	11.2	14	0	0.00	0.0	0
2020-03-05	53	38	45.5	5.4	19	0	0.00	0.0	0
2020-03-06	45	33	39.0	-1.4	26	0	0.35	0.0	0
2020-03-07	47	35	41.0	0.3	24	0	T	0.0	0
2020-03-08	60	30	45.0	4.0	20	0	0.00	0.0	0
2020-03-09	71	39	55.0	13.7	10	0	0.00	0.0	M
2020-03-10	68	48	58.0	16.4	7	0	T	0.0	0
2020-03-11	59	43	51.0	9.1	14	0	T	0.0	0
2020-03-12	60	40	50.0	7.8	15	0	T	0.0	0
2020-03-13	74	49	61.5	19.0	3	0	0.37	0.0	0
2020-03-14	58	43	50.5	7.7	14	0	T	0.0	0
2020-03-15	55	40	47.5	4.4	17	0	0.01	0.0	0
2020-03-16	52	36	44.0	0.6	21	0	0.00	0.0	0
2020-03-17	57	41	49.0	5.2	16	0	0.03	0.0	0
2020-03-18	59	40	49.5	5.4	15	0	0.08	0.0	0
2020-03-19	56	43	49.5	5.1	15	0	0.93	0.0	0
2020-03-20	79	49	64.0	19.3	1	0	T	0.0	0
2020-03-21	67	41	54.0	8.9	11	0	T	0.0	0
2020-03-22	47	35	41.0	-4.4	24	0	0.00	0.0	0
2020-03-23	45	38	41.5	-4.3	23	0	0.80	0.0	0
2020-03-24	58	39	48.5	2.4	16	0	0.00	0.0	0
2020-03-25	49	41	45.0	-1.4	20	0	0.01	0.0	0
2020-03-26	59	35	47.0	0.2	18	0	0.00	0.0	0
2020-03-27	69	49	59.0	11.9	6	0	T	0.0	0
2020-03-28	54	47	50.5	3.0	14	0	1.14	0.0	0
2020-03-29	53	47	50.0	2.2	15	0	T	0.0	0
2020-03-30	60	45	52.5	4.3	12	0	0.06	0.0	0
2020-03-31	48	41	44.5	-4.0	20	0	T	0.0	M
2020-04-01	56	40	48.0	-0.9	17	0	0.00	0.0	0
2020-04-02	58	40	49.0	-0.3	16	0	0.00	0.0	0
2020-04-03	58	48	53.0	3.4	12	0	T	0.0	0
2020-04-04	57	48	52.5	2.5	12	0	T	0.0	0
2020-04-05	67	43	55.0	4.7	10	0	0.00	0.0	0
2020-04-06	66	49	57.5	6.8	7	0	T	0.0	0
2020-04-07	66	44	55.0	4.0	10	0	0.00	0.0	0
2020-04-08	75	48	61.5	10.1	3	0	0.27	0.0	0
2020-04-09	67	45	56.0	4.3	9	0	0.05	0.0	0
2020-04-10	50	40	45.0	-7.1	20	0	0.00	0.0	0
2020-04-11	57	36	46.5	-6.0	18	0	0.00	0.0	0
2020-04-12	69	39	54.0	1.2	11	0	0.07	0.0	0
2020-04-13	72	53	62.5	9.3	2	0	1.62	0.0	0
2020-04-14	58	45	51.5	-2.0	13	0	T	0.0	0
2020-04-15	52	40	46.0	-7.9	19	0	0.03	0.0	0
2020-04-16	50	40	45.0	-9.2	20	0	0.00	0.0	0