2020-01-01	66	40	53.0	-1.4	12	0	0.00	0.0	0
2020-01-02	72	39	55.5	1.1	9	0	0.00	0.0	0
2020-01-03	71	44	57.5	3.0	7	0	0.00	0.0	0
2020-01-04	69	41	55.0	0.4	10	0	0.00	0.0	0
2020-01-05	71	41	56.0	1.4	9	0	0.00	0.0	0
2020-01-06	75	50	62.5	7.8	2	0	0.00	0.0	0
2020-01-07	77	48	62.5	7.8	2	0	0.00	0.0	0
2020-01-08	63	39	51.0	-3.8	14	0	0.00	0.0	0
2020-01-09	58	43	50.5	-4.3	14	0	0.00	0.0	0
2020-01-10	66	38	52.0	-2.8	13	0	0.00	0.0	0
2020-01-11	62	39	50.5	-4.4	14	0	0.00	0.0	0
2020-01-12	61	39	50.0	-4.9	15	0	0.00	0.0	0
2020-01-13	61	44	52.5	-2.4	12	0	0.00	0.0	0
2020-01-14	61	40	50.5	-4.5	14	0	0.00	0.0	0
2020-01-15	66	42	54.0	-1.0	11	0	0.00	0.0	0
2020-01-16	59	37	48.0	-7.0	17	0	T	M	0
2020-01-17	62	42	52.0	-3.0	13	0	0.08	M	0
2020-01-18	70	40	55.0	0.0	10	0	0.00	0.0	0
2020-01-19	76	54	65.0	10.0	0	0	0.00	0.0	0
2020-01-20	62	49	55.5	0.4	9	0	T	M	0
2020-01-21	58	50	54.0	-1.1	11	0	T	0.0	0
2020-01-22	64	47	55.5	0.4	9	0	0.00	0.0	0
2020-01-23	78	44	61.0	5.9	4	0	0.00	0.0	0
2020-01-24	75	45	60.0	4.9	5	0	0.00	0.0	0
2020-01-25	76	43	59.5	4.4	5	0	0.00	0.0	0
2020-01-26	58	46	52.0	-3.1	13	0	0.00	0.0	0
2020-01-27	75	44	59.5	4.4	5	0	0.00	0.0	0
2020-01-28	74	42	58.0	3.0	7	0	0.00	0.0	0
2020-01-29	69	42	55.5	0.5	9	0	0.00	0.0	0
2020-01-30	77	53	65.0	10.0	0	0	0.00	0.0	0
2020-01-31	80	50	65.0	10.0	0	0	0.00	0.0	0
2020-02-01	85	49	67.0	11.9	0	2	0.00	0.0	0
2020-02-02	75	46	60.5	5.4	4	0	T	M	0
2020-02-03	57	47	52.0	-3.1	13	0	T	M	0
2020-02-04	56	43	49.5	-5.6	15	0	0.00	0.0	0
2020-02-05	62	35	48.5	-6.6	16	0	0.00	0.0	0
2020-02-06	66	38	52.0	-3.1	13	0	0.00	0.0	0
2020-02-07	70	38	54.0	-1.2	11	0	0.00	0.0	0
2020-02-08	71	40	55.5	0.3	9	0	0.00	0.0	0
2020-02-09	61	48	54.5	-0.7	10	0	0.03	M	0
2020-02-10	69	53	61.0	5.7	4	0	T	0.0	0
2020-02-11	70	47	58.5	3.2	6	0	0.00	0.0	0
2020-02-12	67	40	53.5	-1.9	11	0	0.00	0.0	0
2020-02-13	72	39	55.5	0.1	9	0	0.00	0.0	0
2020-02-14	71	41	56.0	0.5	9	0	0.00	0.0	0
2020-02-15	71	40	55.5	-0.1	9	0	0.00	0.0	0
2020-02-16	73	44	58.5	2.9	6	0	0.00	0.0	0
2020-02-17	74	43	58.5	2.8	6	0	0.00	0.0	0
2020-02-18	77	43	60.0	4.2	5	0	0.00	0.0	0
2020-02-19	71	50	60.5	4.6	4	0	0.00	0.0	0
2020-02-20	81	44	62.5	6.5	2	0	0.00	0.0	0
2020-02-21	82	49	65.5	9.4	0	1	T	M	0
2020-02-22	62	52	57.0	0.8	8	0	0.03	0.0	0
2020-02-23	65	49	57.0	0.7	8	0	T	M	0
2020-02-24	77	43	60.0	3.6	5	0	0.00	0.0	0
2020-02-25	80	49	64.5	8.0	0	0	0.00	0.0	0
2020-02-26	80	49	64.5	7.8	0	0	0.00	0.0	0
2020-02-27	83	47	65.0	8.2	0	0	0.00	0.0	0
2020-02-28	84	55	69.5	12.6	0	5	0.00	0.0	0
2020-02-29	74	49	61.5	4.5	3	0	0.00	0.0	0
2020-03-01	63	47	55.0	-2.0	10	0	T	M	0
2020-03-02	67	45	56.0	-1.1	9	0	0.00	0.0	0
2020-03-03	81	54	67.5	10.2	0	3	0.00	0.0	0
2020-03-04	77	45	61.0	3.6	4	0	0.00	0.0	0
2020-03-05	83	47	65.0	7.5	0	0	0.00	0.0	0
2020-03-06	77	50	63.5	5.9	1	0	0.00	0.0	0
2020-03-07	67	51	59.0	1.2	6	0	0.00	0.0	0
2020-03-08	67	50	58.5	0.6	6	0	T	0.0	0
2020-03-09	75	45	60.0	2.0	5	0	0.10	M	0
2020-03-10	70	53	61.5	3.4	3	0	0.52	0.0	0
2020-03-11	73	51	62.0	3.8	3	0	0.00	0.0	0
2020-03-12	59	50	54.5	-3.8	10	0	1.53	0.0	0
2020-03-13	56	50	53.0	-5.5	12	0	0.08	0.0	0
2020-03-14	61	53	57.0	-1.6	8	0	T	0.0	0
2020-03-15	62	49	55.5	-3.2	9	0	T	M	0
2020-03-16	64	49	56.5	-2.3	8	0	0.18	M	0
2020-03-17	60	44	52.0	-6.9	13	0	0.03	M	0
2020-03-18	57	39	48.0	-11.0	17	0	T	M	0
2020-03-19	59	46	52.5	-6.6	12	0	0.25	M	0
2020-03-20	64	46	55.0	-4.2	10	0	0.01	M	0
2020-03-21	67	46	56.5	-2.8	8	0	0.00	0.0	0
2020-03-22	70	46	58.0	-1.4	7	0	0.45	M	0
2020-03-23	65	51	58.0	-1.5	7	0	0.49	0.0	0
2020-03-24	65	50	57.5	-2.1	7	0	0.00	0.0	0
2020-03-25	64	49	56.5	-3.2	8	0	0.00	0.0	0
2020-03-26	61	43	52.0	-7.8	13	0	0.00	0.0	0
2020-03-27	64	41	52.5	-7.4	12	0	0.00	0.0	0
2020-03-28	67	40	53.5	-6.5	11	0	0.00	0.0	0
2020-03-29	67	44	55.5	-4.7	9	0	0.00	0.0	0
2020-03-30	74	46	60.0	-0.3	5	0	0.00	0.0	0
2020-03-31	79	50	64.5	4.1	0	0	0.00	0.0	0
2020-04-01	75	52	63.5	3.0	1	0	0.00	0.0	0
2020-04-02	70	55	62.5	1.9	2	0	0.00	0.0	0
2020-04-03	70	51	60.5	-0.3	4	0	0.00	0.0	0
2020-04-04	69	52	60.5	-0.4	4	0	0.00	0.0	0
2020-04-05	62	53	57.5	-3.5	7	0	T	0.0	0
2020-04-06	57	51	54.0	-7.2	11	0	0.99	0.0	0
2020-04-07	60	50	55.0	-6.3	10	0	0.31	0.0	0
2020-04-08	62	48	55.0	-6.5	10	0	0.13	M	0
2020-04-09	54	48	51.0	-10.6	14	0	0.71	M	0
2020-04-10	60	47	53.5	-8.3	11	0	0.49	M	0
2020-04-11	69	47	58.0	-3.9	7	0	0.00	0.0	0
2020-04-12	62	53	57.5	-4.6	7	0	0.02	0.0	0
2020-04-13	63	52	57.5	-4.8	7	0	0.00	0.0	0
2020-04-14	80	49	64.5	2.0	0	0	0.00	0.0	0
2020-04-15	82	46	64.0	1.4	1	0	0.00	0.0	0
2020-04-16	77	50	63.5	0.7	1	0	0.00	0.0	0