2020-01-01	66	46	56.0	-0.4	9	0	0.00	M	M
2020-01-02	69	50	59.5	3.0	5	0	0.00	M	M
2020-01-03	70	49	59.5	3.0	5	0	0.00	M	M
2020-01-04	69	47	58.0	1.4	7	0	0.00	M	M
2020-01-05	70	47	58.5	1.9	6	0	0.00	M	M
2020-01-06	79	46	62.5	5.8	2	0	0.00	M	M
2020-01-07	75	44	59.5	2.8	5	0	0.00	M	M
2020-01-08	64	46	55.0	-1.8	10	0	0.00	M	M
2020-01-09	64	52	58.0	1.2	7	0	0.05	M	M
2020-01-10	65	47	56.0	-0.9	9	0	0.00	M	M
2020-01-11	64	43	53.5	-3.4	11	0	0.00	M	M
2020-01-12	64	49	56.5	-0.5	8	0	0.00	M	M
2020-01-13	64	51	57.5	0.5	7	0	0.00	M	M
2020-01-14	64	50	57.0	-0.1	8	0	0.00	M	M
2020-01-15	65	45	55.0	-2.1	10	0	0.00	0.0	0
2020-01-16	62	53	57.5	0.4	7	0	0.00	0.0	0
2020-01-17	64	51	57.5	0.3	7	0	0.18	0.0	0
2020-01-18	69	45	57.0	-0.2	8	0	0.00	0.0	0
2020-01-19	74	45	59.5	2.3	5	0	0.00	M	0
2020-01-20	67	54	60.5	3.2	4	0	T	0.0	0
2020-01-21	63	54	58.5	1.2	6	0	0.25	0.0	0
2020-01-22	65	54	59.5	2.2	5	0	0.00	0.0	0
2020-01-23	69	49	59.0	1.7	6	0	0.00	0.0	0
2020-01-24	67	53	60.0	2.7	5	0	0.00	0.0	0
2020-01-25	65	54	59.5	2.1	5	0	0.00	0.0	0
2020-01-26	63	57	60.0	2.6	5	0	0.00	0.0	0
2020-01-27	66	51	58.5	1.1	6	0	0.00	0.0	0
2020-01-28	73	50	61.5	4.1	3	0	0.00	0.0	0
2020-01-29	72	52	62.0	4.6	3	0	0.00	0.0	0
2020-01-30	73	47	60.0	2.6	5	0	0.00	0.0	0
2020-01-31	80	47	63.5	6.0	1	0	0.00	0.0	0
2020-02-01	80	49	64.5	7.0	0	0	0.00	0.0	0
2020-02-02	67	51	59.0	1.5	6	0	0.00	0.0	0
2020-02-03	65	57	61.0	3.5	4	0	T	0.0	0
2020-02-04	63	42	52.5	-5.0	12	0	0.00	0.0	0
2020-02-05	63	38	50.5	-7.0	14	0	0.00	0.0	0
2020-02-06	65	44	54.5	-3.1	10	0	0.00	0.0	0
2020-02-07	66	45	55.5	-2.1	9	0	0.00	0.0	0
2020-02-08	66	50	58.0	0.4	7	0	0.00	0.0	0
2020-02-09	61	55	58.0	0.4	7	0	0.02	0.0	0
2020-02-10	61	53	57.0	-0.6	8	0	0.25	0.0	0
2020-02-11	68	49	58.5	0.8	6	0	0.00	0.0	0
2020-02-12	65	48	56.5	-1.2	8	0	0.00	0.0	0
2020-02-13	66	46	56.0	-1.7	9	0	0.00	0.0	0
2020-02-14	65	50	57.5	-0.3	7	0	0.00	0.0	0
2020-02-15	67	46	56.5	-1.3	8	0	0.00	0.0	0
2020-02-16	67	49	58.0	0.2	7	0	0.00	0.0	0
2020-02-17	67	55	61.0	3.1	4	0	0.00	0.0	0
2020-02-18	65	59	62.0	4.1	3	0	0.00	0.0	0
2020-02-19	66	56	61.0	3.0	4	0	0.00	0.0	0
2020-02-20	72	51	61.5	3.5	3	0	0.00	0.0	0
2020-02-21	67	53	60.0	1.9	5	0	T	0.0	0
2020-02-22	65	57	61.0	2.9	4	0	0.11	0.0	0
2020-02-23	66	56	61.0	2.8	4	0	0.00	0.0	0
2020-02-24	67	54	60.5	2.3	4	0	0.00	0.0	0
2020-02-25	75	51	63.0	4.7	2	0	0.00	0.0	0
2020-02-26	77	51	64.0	5.7	1	0	0.00	0.0	0
2020-02-27	84	51	67.5	9.1	0	3	0.00	0.0	0
2020-02-28	84	58	71.0	12.6	0	6	0.00	0.0	0
2020-02-29	67	52	59.5	1.0	5	0	0.00	0.0	0
2020-03-01	63	55	59.0	0.5	6	0	0.01	0.0	0
2020-03-02	65	53	59.0	0.4	6	0	T	0.0	0
2020-03-03	77	49	63.0	4.4	2	0	0.00	0.0	0
2020-03-04	67	57	62.0	3.3	3	0	0.00	0.0	0
2020-03-05	71	57	64.0	5.3	1	0	0.00	0.0	0
2020-03-06	69	58	63.5	4.7	1	0	0.00	0.0	0
2020-03-07	66	60	63.0	4.1	2	0	0.01	0.0	0
2020-03-08	66	57	61.5	2.6	3	0	0.07	0.0	0
2020-03-09	73	53	63.0	4.0	2	0	0.14	0.0	0
2020-03-10	69	61	65.0	6.0	0	0	0.35	0.0	0
2020-03-11	70	62	66.0	6.9	0	1	0.00	0.0	0
2020-03-12	65	60	62.5	3.3	2	0	0.26	0.0	0
2020-03-13	64	59	61.5	2.3	3	0	0.39	0.0	0
2020-03-14	67	58	62.5	3.2	2	0	0.07	0.0	0
2020-03-15	66	56	61.0	1.7	4	0	T	0.0	0
2020-03-16	66	57	61.5	2.1	3	0	0.25	0.0	0
2020-03-17	64	53	58.5	-1.0	6	0	0.01	0.0	0
2020-03-18	62	52	57.0	-2.5	8	0	0.23	0.0	0
2020-03-19	65	56	60.5	0.9	4	0	T	0.0	0
2020-03-20	64	54	59.0	-0.6	6	0	0.07	0.0	0
2020-03-21	67	54	60.5	0.8	4	0	0.00	0.0	0
2020-03-22	69	54	61.5	1.7	3	0	0.08	0.0	0
2020-03-23	67	56	61.5	1.7	3	0	0.01	0.0	0
2020-03-24	67	54	60.5	0.6	4	0	0.00	0.0	0
2020-03-25	66	56	61.0	1.1	4	0	0.04	0.0	0
2020-03-26	64	54	59.0	-1.0	6	0	0.04	0.0	0
2020-03-27	64	50	57.0	-3.1	8	0	0.12	0.0	0
2020-03-28	65	50	57.5	-2.6	7	0	0.00	0.0	0
2020-03-29	67	52	59.5	-0.7	5	0	T	0.0	0
2020-03-30	69	56	62.5	2.2	2	0	0.00	0.0	0
2020-03-31	69	57	63.0	2.6	2	0	0.00	0.0	0
2020-04-01	66	58	62.0	1.6	3	0	0.00	0.0	0
2020-04-02	66	60	63.0	2.5	2	0	0.00	0.0	0
2020-04-03	67	54	60.5	-0.1	4	0	0.00	0.0	0
2020-04-04	66	59	62.5	1.8	2	0	0.00	0.0	0
2020-04-05	67	58	62.5	1.8	2	0	0.19	0.0	0
2020-04-06	67	58	62.5	1.7	2	0	0.75	0.0	0
2020-04-07	65	56	60.5	-0.4	4	0	0.37	0.0	0
2020-04-08	63	54	58.5	-2.5	6	0	0.07	0.0	0
2020-04-09	64	55	59.5	-1.6	5	0	1.16	0.0	0
2020-04-10	60	55	57.5	-3.7	7	0	1.04	0.0	0
2020-04-11	66	51	58.5	-2.8	6	0	0.01	0.0	0
2020-04-12	64	58	61.0	-0.4	4	0	T	0.0	0
2020-04-13	65	58	61.5	0.1	3	0	0.06	0.0	0
2020-04-14	69	59	64.0	2.5	1	0	T	0.0	0
2020-04-15	76	54	65.0	3.4	0	0	0.00	0.0	0
2020-04-16	74	53	63.5	1.8	1	0	0.00	0.0	0