2020-01-01	53	46	49.5	8.7	15	0	0.00	0.0	0
2020-01-02	50	41	45.5	4.6	19	0	0.21	0.0	0
2020-01-03	62	46	54.0	13.0	11	0	0.39	0.0	0
2020-01-04	46	40	43.0	1.9	22	0	0.10	0.0	0
2020-01-05	48	42	45.0	3.8	20	0	0.14	0.0	0
2020-01-06	51	41	46.0	4.7	19	0	1.19	0.0	0
2020-01-07	55	46	50.5	9.1	14	0	0.28	0.0	0
2020-01-08	45	33	39.0	-2.5	26	0	0.04	T	0
2020-01-09	39	32	35.5	-6.1	29	0	0.06	T	0
2020-01-10	44	35	39.5	-2.2	25	0	0.50	T	0
2020-01-11	46	39	42.5	0.7	22	0	0.09	0.0	0
2020-01-12	45	33	39.0	-2.9	26	0	0.18	T	0
2020-01-13	37	30	33.5	-8.5	31	0	0.09	0.2	0
2020-01-14	36	28	32.0	-10.0	33	0	0.01	0.5	T
2020-01-15	46	32	39.0	-3.1	26	0	0.01	T	0
2020-01-16	45	35	40.0	-2.2	25	0	T	0.0	0
2020-01-17	42	32	37.0	-5.3	28	0	0.02	0.0	0
2020-01-18	51	39	45.0	2.7	20	0	0.34	0.0	0
2020-01-19	54	44	49.0	6.6	16	0	0.03	0.0	0
2020-01-20	53	44	48.5	6.0	16	0	T	0.0	0
2020-01-21	53	45	49.0	6.5	16	0	0.52	0.0	0
2020-01-22	50	44	47.0	4.4	18	0	0.22	0.0	0
2020-01-23	55	49	52.0	9.4	13	0	0.99	0.0	0
2020-01-24	52	48	50.0	7.3	15	0	0.47	0.0	0
2020-01-25	52	46	49.0	6.3	16	0	0.16	0.0	0
2020-01-26	54	47	50.5	7.8	14	0	0.35	0.0	0
2020-01-27	51	43	47.0	4.2	18	0	0.61	0.0	0
2020-01-28	53	46	49.5	6.7	15	0	0.67	0.0	0
2020-01-29	51	45	48.0	5.2	17	0	0.37	0.0	0
2020-01-30	51	42	46.5	3.7	18	0	0.41	0.0	0
2020-01-31	59	51	55.0	12.1	10	0	0.78	0.0	0
2020-02-01	55	37	46.0	3.1	19	0	1.18	0.0	0
2020-02-02	44	32	38.0	-4.9	27	0	0.00	0.0	0
2020-02-03	43	35	39.0	-3.9	26	0	0.11	T	0
2020-02-04	41	32	36.5	-6.4	28	0	0.11	T	0
2020-02-05	50	41	45.5	2.6	19	0	0.52	0.0	0
2020-02-06	51	46	48.5	5.5	16	0	0.83	0.0	0
2020-02-07	52	43	47.5	4.5	17	0	0.43	0.0	0
2020-02-08	48	40	44.0	1.0	21	0	0.04	0.0	0
2020-02-09	48	36	42.0	-1.0	23	0	0.00	0.0	0
2020-02-10	48	37	42.5	-0.6	22	0	0.00	0.0	0
2020-02-11	48	35	41.5	-1.6	23	0	0.01	0.0	0
2020-02-12	48	41	44.5	1.4	20	0	0.07	0.0	0
2020-02-13	48	37	42.5	-0.7	22	0	0.02	0.0	0
2020-02-14	50	42	46.0	2.8	19	0	0.11	0.0	0
2020-02-15	46	42	44.0	0.7	21	0	0.11	0.0	0
2020-02-16	48	38	43.0	-0.3	22	0	T	0.0	0
2020-02-17	48	34	41.0	-2.4	24	0	0.00	0.0	0
2020-02-18	48	31	39.5	-4.0	25	0	0.00	0.0	0
2020-02-19	55	32	43.5	0.0	21	0	0.00	0.0	0
2020-02-20	58	42	50.0	6.4	15	0	0.00	0.0	0
2020-02-21	54	35	44.5	0.8	20	0	0.00	0.0	0
2020-02-22	47	39	43.0	-0.8	22	0	0.07	0.0	0
2020-02-23	48	39	43.5	-0.4	21	0	0.18	0.0	0
2020-02-24	50	38	44.0	0.0	21	0	0.00	0.0	0
2020-02-25	51	36	43.5	-0.6	21	0	T	0.0	0
2020-02-26	53	43	48.0	3.8	17	0	0.05	0.0	0
2020-02-27	57	38	47.5	3.2	17	0	0.00	0.0	0
2020-02-28	50	38	44.0	-0.4	21	0	0.09	0.0	0
2020-02-29	49	36	42.5	-2.0	22	0	0.12	0.0	0
2020-03-01	47	33	40.0	-4.5	25	0	T	0.0	0
2020-03-02	48	40	44.0	-0.7	21	0	0.01	0.0	0
2020-03-03	53	46	49.5	4.7	15	0	0.18	0.0	0
2020-03-04	52	41	46.5	1.6	18	0	0.00	0.0	0
2020-03-05	56	38	47.0	1.9	18	0	0.23	0.0	0
2020-03-06	43	39	41.0	-4.2	24	0	0.48	0.0	0
2020-03-07	45	38	41.5	-3.8	23	0	0.04	0.0	0
2020-03-08	49	37	43.0	-2.5	22	0	0.00	0.0	0
2020-03-09	50	33	41.5	-4.1	23	0	0.00	0.0	0
2020-03-10	51	36	43.5	-2.2	21	0	0.00	0.0	0
2020-03-11	51	42	46.5	0.6	18	0	0.07	0.0	0
2020-03-12	52	39	45.5	-0.5	19	0	T	0.0	0
2020-03-13	43	35	39.0	-7.1	26	0	0.38	T	0
2020-03-14	44	32	38.0	-8.3	27	0	T	T	0
2020-03-15	46	32	39.0	-7.4	26	0	0.00	0.0	0
2020-03-16	55	36	45.5	-1.1	19	0	0.00	0.0	0
2020-03-17	54	33	43.5	-3.2	21	0	0.00	0.0	0
2020-03-18	56	35	45.5	-1.3	19	0	0.00	0.0	0
2020-03-19	61	37	49.0	2.1	16	0	0.00	0.0	0
2020-03-20	62	39	50.5	3.4	14	0	0.00	0.0	0
2020-03-21	56	40	48.0	0.8	17	0	0.00	0.0	0
2020-03-22	58	38	48.0	0.7	17	0	T	0.0	0
2020-03-23	51	41	46.0	-1.4	19	0	0.10	0.0	0
2020-03-24	50	38	44.0	-3.5	21	0	0.04	0.0	0
2020-03-25	49	39	44.0	-3.7	21	0	0.18	0.0	0
2020-03-26	49	38	43.5	-4.3	21	0	0.00	0.0	0
2020-03-27	50	43	46.5	-1.4	18	0	0.02	0.0	0
2020-03-28	54	46	50.0	2.0	15	0	0.32	0.0	0
2020-03-29	55	46	50.5	2.4	14	0	0.58	0.0	0
2020-03-30	50	39	44.5	-3.7	20	0	0.51	0.0	0
2020-03-31	50	39	44.5	-3.8	20	0	0.03	M	0
2020-04-01	52	39	45.5	-2.9	19	0	0.01	0.0	0
2020-04-02	51	37	44.0	-4.5	21	0	T	0.0	0
2020-04-03	50	37	43.5	-5.1	21	0	0.00	0.0	0
2020-04-04	56	35	45.5	-3.3	19	0	0.00	0.0	0
2020-04-05	56	44	50.0	1.1	15	0	0.00	0.0	0
2020-04-06	60	39	49.5	0.5	15	0	0.00	0.0	0
2020-04-07	56	40	48.0	-1.1	17	0	0.00	0.0	0
2020-04-08	63	39	51.0	1.8	14	0	0.00	0.0	0
2020-04-09	69	42	55.5	6.2	9	0	0.00	0.0	0
2020-04-10	64	44	54.0	4.6	11	0	0.00	0.0	0
2020-04-11	60	44	52.0	2.4	13	0	T	0.0	0
2020-04-12	60	37	48.5	-1.2	16	0	0.00	0.0	0
2020-04-13	64	38	51.0	1.2	14	0	0.00	0.0	0
2020-04-14	64	42	53.0	3.0	12	0	0.00	0.0	0
2020-04-15	66	49	57.5	7.4	7	0	0.00	0.0	0
2020-04-16	70	44	57.0	6.7	8	0	0.00	0.0	0