2020-01-01	35	19	27.0	10.5	38	0	0.00	0.0	4
2020-01-02	36	25	30.5	14.1	34	0	0.00	0.0	3
2020-01-03	36	18	27.0	10.6	38	0	0.02	0.3	3
2020-01-04	37	10	23.5	7.1	41	0	0.00	0.0	2
2020-01-05	41	23	32.0	15.7	33	0	0.00	0.0	2
2020-01-06	39	21	30.0	13.7	35	0	0.00	0.0	1
2020-01-07	35	13	24.0	7.7	41	0	0.00	0.0	1
2020-01-08	26	10	18.0	1.7	47	0	0.00	0.0	T
2020-01-09	33	23	28.0	11.7	37	0	0.00	0.0	T
2020-01-10	25	-2	11.5	-4.8	53	0	0.02	0.7	T
2020-01-11	11	-6	2.5	-13.8	62	0	0.00	0.0	1
2020-01-12	22	4	13.0	-3.3	52	0	0.14	1.8	1
2020-01-13	31	15	23.0	6.7	42	0	0.01	T	3
2020-01-14	31	13	22.0	5.7	43	0	T	T	3
2020-01-15	20	-7	6.5	-9.9	58	0	0.01	T	3
2020-01-16	7	-13	-3.0	-19.4	68	0	0.00	0.0	3
2020-01-17	28	7	17.5	1.1	47	0	0.51	6.6	3
2020-01-18	28	-3	12.5	-4.0	52	0	0.03	0.5	9
2020-01-19	0	-11	-5.5	-22.0	70	0	0.00	0.0	9
2020-01-20	9	-10	-0.5	-17.1	65	0	0.00	0.0	9
2020-01-21	26	0	13.0	-3.7	52	0	0.00	0.0	9
2020-01-22	36	26	31.0	14.3	34	0	0.00	0.0	8
2020-01-23	34	29	31.5	14.7	33	0	0.02	0.2	6
2020-01-24	31	27	29.0	12.1	36	0	0.00	0.0	6
2020-01-25	29	22	25.5	8.5	39	0	0.01	T	6
2020-01-26	38	20	29.0	11.9	36	0	T	0.0	6
2020-01-27	34	20	27.0	9.8	38	0	0.01	0.0	5
2020-01-28	25	18	21.5	4.2	43	0	T	T	5
2020-01-29	29	12	20.5	3.0	44	0	0.00	0.0	5
2020-01-30	34	26	30.0	12.4	35	0	T	0.0	5
2020-01-31	37	30	33.5	15.7	31	0	0.02	0.2	5
2020-02-01	44	20	32.0	14.1	33	0	0.00	0.0	4
2020-02-02	44	33	38.5	20.4	26	0	0.00	0.0	4
2020-02-03	33	18	25.5	7.2	39	0	0.00	0.0	2
2020-02-04	26	12	19.0	0.5	46	0	0.00	0.0	2
2020-02-05	30	14	22.0	3.3	43	0	0.00	0.0	2
2020-02-06	32	19	25.5	6.6	39	0	T	T	2
2020-02-07	24	5	14.5	-4.6	50	0	T	0.1	2
2020-02-08	30	6	18.0	-1.4	47	0	0.17	1.7	2
2020-02-09	27	11	19.0	-0.6	46	0	0.01	0.1	4
2020-02-10	33	8	20.5	0.6	44	0	T	T	3
2020-02-11	35	11	23.0	2.8	42	0	0.00	0.0	3
2020-02-12	33	-9	12.0	-8.5	53	0	T	T	3
2020-02-13	2	-13	-5.5	-26.2	70	0	0.00	0.0	3
2020-02-14	30	-4	13.0	-8.0	52	0	0.00	0.0	3
2020-02-15	35	24	29.5	8.1	35	0	0.00	0.0	3
2020-02-16	32	23	27.5	5.8	37	0	0.00	0.0	1
2020-02-17	31	20	25.5	3.5	39	0	T	T	1
2020-02-18	25	10	17.5	-4.8	47	0	T	T	1
2020-02-19	15	2	8.5	-14.2	56	0	T	T	1
2020-02-20	26	-4	11.0	-12.0	54	0	0.00	0.0	1
2020-02-21	42	21	31.5	8.1	33	0	0.00	0.0	T
2020-02-22	46	20	33.0	9.2	32	0	0.00	0.0	T
2020-02-23	42	25	33.5	9.3	31	0	0.00	0.0	T
2020-02-24	40	24	32.0	7.5	33	0	0.00	0.0	T
2020-02-25	35	19	27.0	2.1	38	0	0.00	0.0	T
2020-02-26	30	14	22.0	-3.3	43	0	T	T	T
2020-02-27	34	18	26.0	0.3	39	0	T	T	T
2020-02-28	35	30	32.5	6.4	32	0	0.00	0.0	T
2020-02-29	56	27	41.5	15.2	23	0	0.00	0.0	T
2020-03-01	47	30	38.5	12.0	26	0	0.00	0.0	T
2020-03-02	45	24	34.5	7.6	30	0	0.00	0.0	0
2020-03-03	49	32	40.5	13.2	24	0	0.01	T	0
2020-03-04	59	28	43.5	15.8	21	0	T	0.0	0
2020-03-05	48	29	38.5	10.3	26	0	T	0.0	0
2020-03-06	49	19	34.0	5.4	31	0	0.00	0.0	0
2020-03-07	66	38	52.0	23.0	13	0	0.00	0.0	0
2020-03-08	69	35	52.0	22.6	13	0	0.00	0.0	0
2020-03-09	36	26	31.0	1.2	34	0	0.02	T	0
2020-03-10	39	20	29.5	-0.8	35	0	0.02	T	0
2020-03-11	61	22	41.5	10.8	23	0	0.00	0.0	0
2020-03-12	49	29	39.0	7.9	26	0	0.00	0.0	0
2020-03-13	44	26	35.0	3.4	30	0	0.00	0.0	0
2020-03-14	35	23	29.0	-3.0	36	0	0.21	3.1	1
2020-03-15	32	21	26.5	-5.9	38	0	0.00	0.0	1
2020-03-16	40	24	32.0	-0.9	33	0	T	T	1
2020-03-17	44	22	33.0	-0.3	32	0	0.00	0.0	T
2020-03-18	50	39	44.5	10.8	20	0	0.03	0.0	0
2020-03-19	44	18	31.0	-3.2	34	0	0.47	3.2	0
2020-03-20	29	14	21.5	-13.1	43	0	0.00	0.0	2
2020-03-21	35	19	27.0	-8.0	38	0	0.00	0.0	1
2020-03-22	47	32	39.5	4.0	25	0	0.08	0.0	T
2020-03-23	50	37	43.5	7.6	21	0	T	0.0	0
2020-03-24	60	44	52.0	15.6	13	0	0.08	0.0	0
2020-03-25	47	32	39.5	2.7	25	0	0.03	0.0	0
2020-03-26	48	30	39.0	1.8	26	0	T	T	0
2020-03-27	54	34	44.0	6.3	21	0	T	0.0	0
2020-03-28	47	31	39.0	0.9	26	0	1.10	T	0
2020-03-29	57	30	43.5	4.9	21	0	0.00	0.0	0
2020-03-30	64	24	44.0	5.0	21	0	0.00	0.0	0
2020-03-31	62	41	51.5	12.0	13	0	0.01	0.0	0
2020-04-01	75	38	56.5	16.6	8	0	0.00	0.0	0
2020-04-02	57	23	40.0	-0.4	25	0	0.17	T	0
2020-04-03	28	20	24.0	-16.9	41	0	T	T	M
2020-04-04	47	14	30.5	-10.8	34	0	0.00	0.0	0
2020-04-05	60	28	44.0	2.2	21	0	0.00	0.0	0
2020-04-06	71	47	59.0	16.8	6	0	0.00	0.0	0
2020-04-07	76	45	60.5	17.8	4	0	0.00	0.0	0
2020-04-08	57	36	46.5	3.4	18	0	0.01	0.0	0
2020-04-09	41	22	31.5	-12.1	33	0	T	T	0
2020-04-10	55	20	37.5	-6.6	27	0	0.00	0.0	0
2020-04-11	62	30	46.0	1.5	19	0	0.02	0.4	0
2020-04-12	33	22	27.5	-17.5	37	0	0.59	5.2	2
2020-04-13	33	15	24.0	-21.4	41	0	T	T	4
2020-04-14	33	18	25.5	-20.4	39	0	T	T	3
2020-04-15	39	19	29.0	-17.3	36	0	T	T	2
2020-04-16	43	20	31.5	-15.3	33	0	0.00	0.0	T