2020-01-01	58	22	40.0	11.2	25	0	0.00	0.0	0
2020-01-02	52	38	45.0	16.2	20	0	0.00	0.0	0
2020-01-03	48	30	39.0	10.3	26	0	0.00	0.0	0
2020-01-04	44	25	34.5	5.8	30	0	0.00	0.0	0
2020-01-05	53	33	43.0	14.4	22	0	0.00	0.0	0
2020-01-06	44	25	34.5	5.9	30	0	0.00	0.0	0
2020-01-07	52	28	40.0	11.4	25	0	0.00	0.0	0
2020-01-08	50	28	39.0	10.4	26	0	0.00	0.0	0
2020-01-09	66	42	54.0	25.5	11	0	0.00	0.0	0
2020-01-10	43	22	32.5	4.0	32	0	1.36	T	0
2020-01-11	22	14	18.0	-10.5	47	0	0.31	3.7	T
2020-01-12	32	18	25.0	-3.5	40	0	T	T	4
2020-01-13	45	21	33.0	4.5	32	0	T	0.0	3
2020-01-14	48	36	42.0	13.5	23	0	0.00	0.0	T
2020-01-15	48	17	32.5	4.0	32	0	0.01	M	M
2020-01-16	25	12	18.5	-10.0	46	0	0.00	M	M
2020-01-17	36	24	30.0	1.4	35	0	0.40	M	M
2020-01-18	40	23	31.5	2.9	33	0	0.03	M	M
2020-01-19	23	11	17.0	-11.6	48	0	0.00	M	M
2020-01-20	18	6	12.0	-16.7	53	0	0.04	M	M
2020-01-21	34	4	19.0	-9.7	46	0	T	M	M
2020-01-22	37	32	34.5	5.7	30	0	0.28	M	M
2020-01-23	37	34	35.5	6.6	29	0	0.20	M	M
2020-01-24	34	32	33.0	4.1	32	0	0.14	M	M
2020-01-25	32	24	28.0	-1.0	37	0	0.00	M	M
2020-01-26	34	24	29.0	-0.1	36	0	0.00	M	M
2020-01-27	38	25	31.5	2.3	33	0	0.00	M	M
2020-01-28	34	30	32.0	2.7	33	0	0.00	M	M
2020-01-29	34	28	31.0	1.5	34	0	0.03	M	M
2020-01-30	38	25	31.5	1.9	33	0	T	M	M
2020-01-31	39	29	34.0	4.2	31	0	T	M	M
2020-02-01	54	31	42.5	12.6	22	0	0.00	0.0	0
2020-02-02	65	38	51.5	21.4	13	0	0.00	0.0	0
2020-02-03	50	34	42.0	11.7	23	0	0.00	0.0	0
2020-02-04	34	29	31.5	1.0	33	0	T	T	0
2020-02-05	29	24	26.5	-4.2	38	0	0.01	T	0
2020-02-06	38	17	27.5	-3.4	37	0	0.00	0.0	0
2020-02-07	38	22	30.0	-1.1	35	0	0.00	0.0	0
2020-02-08	43	17	30.0	-1.4	35	0	0.00	0.0	0
2020-02-09	52	27	39.5	7.8	25	0	0.00	0.0	0
2020-02-10	45	22	33.5	1.6	31	0	0.00	0.0	0
2020-02-11	44	28	36.0	3.8	29	0	0.00	0.0	0
2020-02-12	34	19	26.5	-6.0	38	0	0.37	3.1	0
2020-02-13	19	2	10.5	-22.3	54	0	0.00	0.0	2
2020-02-14	27	0	13.5	-19.6	51	0	0.00	0.0	2
2020-02-15	45	27	36.0	2.6	29	0	0.00	0.0	2
2020-02-16	55	26	40.5	6.8	24	0	0.00	0.0	T
2020-02-17	64	35	49.5	15.4	15	0	0.00	0.0	0
2020-02-18	46	29	37.5	3.1	27	0	0.00	0.0	0
2020-02-19	41	26	33.5	-1.3	31	0	0.00	0.0	0
2020-02-20	33	18	25.5	-9.6	39	0	0.00	0.0	0
2020-02-21	45	14	29.5	-6.0	35	0	0.00	0.0	0
2020-02-22	55	31	43.0	7.1	22	0	0.00	0.0	0
2020-02-23	63	43	53.0	16.7	12	0	0.00	0.0	0
2020-02-24	50	38	44.0	7.4	21	0	0.30	0.0	0
2020-02-25	48	32	40.0	3.0	25	0	0.00	0.0	0
2020-02-26	41	25	33.0	-4.4	32	0	T	T	0
2020-02-27	48	20	34.0	-3.8	31	0	0.00	0.0	0
2020-02-28	56	25	40.5	2.3	24	0	0.00	0.0	0
2020-02-29	64	28	46.0	7.6	19	0	0.00	0.0	0
2020-03-01	67	44	55.5	16.9	9	0	0.00	0.0	0
2020-03-02	54	32	43.0	4.0	22	0	0.00	0.0	0
2020-03-03	62	35	48.5	9.1	16	0	0.00	0.0	0
2020-03-04	61	35	48.0	8.2	17	0	0.00	0.0	0
2020-03-05	59	35	47.0	6.8	18	0	0.00	0.0	0
2020-03-06	56	28	42.0	1.5	23	0	0.00	0.0	0
2020-03-07	69	36	52.5	11.6	12	0	0.00	0.0	0
2020-03-08	71	48	59.5	18.2	5	0	0.01	0.0	0
2020-03-09	56	36	46.0	4.3	19	0	1.73	0.0	0
2020-03-10	54	30	42.0	-0.1	23	0	0.00	0.0	0
2020-03-11	67	38	52.5	10.0	12	0	0.00	0.0	0
2020-03-12	66	41	53.5	10.6	11	0	0.23	0.0	0
2020-03-13	46	35	40.5	-2.7	24	0	0.01	0.0	0
2020-03-14	42	35	38.5	-5.1	26	0	0.35	0.0	0
2020-03-15	38	34	36.0	-8.0	29	0	T	T	0
2020-03-16	44	36	40.0	-4.3	25	0	0.13	0.0	0
2020-03-17	48	41	44.5	-0.2	20	0	0.00	0.0	0
2020-03-18	61	48	54.5	9.4	10	0	0.53	0.0	0
2020-03-19	75	49	62.0	16.6	3	0	0.51	0.0	0
2020-03-20	49	27	38.0	-7.8	27	0	0.00	0.0	0
2020-03-21	49	22	35.5	-10.7	29	0	0.00	0.0	0
2020-03-22	44	37	40.5	-6.0	24	0	0.24	0.0	0
2020-03-23	50	41	45.5	-1.4	19	0	T	0.0	0
2020-03-24	56	41	48.5	1.3	16	0	0.02	0.0	0
2020-03-25	69	44	56.5	8.9	8	0	0.00	0.0	0
2020-03-26	61	52	56.5	8.6	8	0	0.07	0.0	0
2020-03-27	61	51	56.0	7.8	9	0	0.08	0.0	0
2020-03-28	75	46	60.5	11.9	4	0	0.00	0.0	0
2020-03-29	68	43	55.5	6.6	9	0	0.00	0.0	0
2020-03-30	69	43	56.0	6.7	9	0	0.00	0.0	M
2020-03-31	70	44	57.0	7.4	8	0	0.00	0.0	0
2020-04-01	73	43	58.0	8.1	7	0	0.00	0.0	0
2020-04-02	69	39	54.0	3.7	11	0	0.34	0.0	0
2020-04-03	39	30	34.5	-16.1	30	0	0.23	0.0	0
2020-04-04	48	30	39.0	-12.0	26	0	0.00	0.0	0
2020-04-05	61	34	47.5	-3.8	17	0	0.00	0.0	0
2020-04-06	67	52	59.5	7.9	5	0	0.02	0.0	0
2020-04-07	80	61	70.5	18.5	0	6	0.00	0.0	0
2020-04-08	88	48	68.0	15.7	0	3	0.00	0.0	0
2020-04-09	60	32	46.0	-6.7	19	0	0.00	0.0	0
2020-04-10	55	25	40.0	-13.0	25	0	0.00	0.0	0
2020-04-11	74	44	59.0	5.7	6	0	0.34	0.0	0
2020-04-12	63	31	47.0	-6.7	18	0	0.40	T	0
2020-04-13	45	27	36.0	-18.0	29	0	0.00	0.0	0
2020-04-14	51	30	40.5	-13.9	24	0	0.00	0.0	0
2020-04-15	53	31	42.0	-12.7	23	0	0.00	0.0	0
2020-04-16	47	36	41.5	-13.5	23	0	0.47	M	M